0.000000000000000000e+00 3.886359333992004395e-01
1.000000000000000000e+00 2.907006740570068359e-01
2.000000000000000000e+00 2.239325940608978271e-01
3.000000000000000000e+00 1.828666478395462036e-01
4.000000000000000000e+00 1.614969074726104736e-01
5.000000000000000000e+00 1.540162414312362671e-01
6.000000000000000000e+00 1.551525890827178955e-01
7.000000000000000000e+00 1.603202074766159058e-01
8.000000000000000000e+00 1.659627407789230347e-01
9.000000000000000000e+00 1.699069440364837646e-01
1.000000000000000000e+01 1.713382601737976074e-01
1.100000000000000000e+01 1.704130470752716064e-01
1.200000000000000000e+01 1.677859872579574585e-01
1.300000000000000000e+01 1.642446517944335938e-01
1.400000000000000000e+01 1.604879945516586304e-01
1.500000000000000000e+01 1.570220291614532471e-01
1.600000000000000000e+01 1.541343182325363159e-01
1.700000000000000000e+01 1.519150137901306152e-01
1.800000000000000000e+01 1.503029912710189819e-01
1.900000000000000000e+01 1.491429805755615234e-01
2.000000000000000000e+01 1.482435315847396851e-01
2.100000000000000000e+01 1.474270969629287720e-01
2.200000000000000000e+01 1.465650945901870728e-01
2.300000000000000000e+01 1.455952674150466919e-01
2.400000000000000000e+01 1.445215195417404175e-01
2.500000000000000000e+01 1.433996707201004028e-01
2.600000000000000000e+01 1.423141062259674072e-01
2.700000000000000000e+01 1.413506120443344116e-01
2.800000000000000000e+01 1.405711323022842407e-01
2.900000000000000000e+01 1.399958878755569458e-01
3.000000000000000000e+01 1.395963579416275024e-01
3.100000000000000000e+01 1.393013149499893188e-01
3.200000000000000000e+01 1.390151828527450562e-01
3.300000000000000000e+01 1.386426240205764771e-01
3.400000000000000000e+01 1.381129175424575806e-01
3.500000000000000000e+01 1.373964250087738037e-01
3.600000000000000000e+01 1.365086883306503296e-01
3.700000000000000000e+01 1.355019509792327881e-01
3.800000000000000000e+01 1.344478428363800049e-01
3.900000000000000000e+01 1.334166824817657471e-01
4.000000000000000000e+01 1.324590295553207397e-01
4.100000000000000000e+01 1.315946131944656372e-01
4.200000000000000000e+01 1.308106482028961182e-01
4.300000000000000000e+01 1.300703287124633789e-01
4.400000000000000000e+01 1.293276846408843994e-01
4.500000000000000000e+01 1.285439431667327881e-01
4.600000000000000000e+01 1.277000308036804199e-01
4.700000000000000000e+01 1.268007755279541016e-01
4.800000000000000000e+01 1.258700191974639893e-01
4.900000000000000000e+01 1.249394938349723816e-01
5.000000000000000000e+01 1.240355521440505981e-01
5.100000000000000000e+01 1.231690570712089539e-01
5.200000000000000000e+01 1.223321110010147095e-01
5.300000000000000000e+01 1.215028613805770874e-01
5.400000000000000000e+01 1.206558868288993835e-01
5.500000000000000000e+01 1.197738051414489746e-01
5.600000000000000000e+01 1.188545599579811096e-01
5.700000000000000000e+01 1.179116517305374146e-01
5.800000000000000000e+01 1.169670298695564270e-01
5.900000000000000000e+01 1.160410791635513306e-01
6.000000000000000000e+01 1.151441261172294617e-01
6.100000000000000000e+01 1.142735108733177185e-01
6.200000000000000000e+01 1.134175881743431091e-01
6.300000000000000000e+01 1.125635802745819092e-01
6.400000000000000000e+01 1.117052808403968811e-01
6.500000000000000000e+01 1.108467578887939453e-01
6.600000000000000000e+01 1.099996939301490784e-01
6.700000000000000000e+01 1.091771721839904785e-01
6.800000000000000000e+01 1.083870977163314819e-01
6.900000000000000000e+01 1.076290160417556763e-01
7.000000000000000000e+01 1.068960800766944885e-01
7.100000000000000000e+01 1.061806157231330872e-01
7.200000000000000000e+01 1.054793074727058411e-01
7.300000000000000000e+01 1.047952100634574890e-01
7.400000000000000000e+01 1.041351854801177979e-01
7.500000000000000000e+01 1.035052090883255005e-01
7.600000000000000000e+01 1.029064506292343140e-01
7.700000000000000000e+01 1.023352369666099548e-01
7.800000000000000000e+01 1.017860844731330872e-01
7.900000000000000000e+01 1.012556701898574829e-01
8.000000000000000000e+01 1.007447987794876099e-01
8.100000000000000000e+01 1.002569943666458130e-01
8.200000000000000000e+01 9.979511052370071411e-02
8.300000000000000000e+01 9.935869276523590088e-02
8.400000000000000000e+01 9.894385933876037598e-02
8.500000000000000000e+01 9.854570776224136353e-02
8.600000000000000000e+01 9.816107153892517090e-02
8.700000000000000000e+01 9.778957068920135498e-02
8.800000000000000000e+01 9.743212908506393433e-02
8.900000000000000000e+01 9.708875417709350586e-02
9.000000000000000000e+01 9.675717353820800781e-02
9.100000000000000000e+01 9.643379598855972290e-02
9.200000000000000000e+01 9.611555188894271851e-02
9.300000000000000000e+01 9.580127894878387451e-02
9.400000000000000000e+01 9.549117088317871094e-02
9.500000000000000000e+01 9.518546611070632935e-02
9.600000000000000000e+01 9.488322585821151733e-02
9.700000000000000000e+01 9.458263963460922241e-02
9.800000000000000000e+01 9.428223222494125366e-02
9.900000000000000000e+01 9.398180991411209106e-02
1.000000000000000000e+02 9.368225932121276855e-02
1.010000000000000000e+02 9.338448941707611084e-02
1.020000000000000000e+02 9.308864176273345947e-02
1.030000000000000000e+02 9.279429167509078979e-02
1.040000000000000000e+02 9.250117838382720947e-02
1.050000000000000000e+02 9.220980107784271240e-02
1.060000000000000000e+02 9.192114323377609253e-02
1.070000000000000000e+02 9.163603931665420532e-02
1.080000000000000000e+02 9.135475009679794312e-02
1.090000000000000000e+02 9.107714891433715820e-02
1.100000000000000000e+02 9.080333262681961060e-02
1.110000000000000000e+02 9.053380787372589111e-02
1.120000000000000000e+02 9.026923030614852905e-02
1.130000000000000000e+02 9.000997245311737061e-02
1.140000000000000000e+02 8.975601941347122192e-02
1.150000000000000000e+02 8.950719237327575684e-02
1.160000000000000000e+02 8.926349878311157227e-02
1.170000000000000000e+02 8.902512490749359131e-02
1.180000000000000000e+02 8.879210054874420166e-02
1.190000000000000000e+02 8.856418728828430176e-02
1.200000000000000000e+02 8.834100514650344849e-02
1.210000000000000000e+02 8.812223374843597412e-02
1.220000000000000000e+02 8.790775388479232788e-02
1.230000000000000000e+02 8.769747614860534668e-02
1.240000000000000000e+02 8.749118447303771973e-02
1.250000000000000000e+02 8.728851377964019775e-02
1.260000000000000000e+02 8.708916604518890381e-02
1.270000000000000000e+02 8.689294755458831787e-02
1.280000000000000000e+02 8.669977635145187378e-02
1.290000000000000000e+02 8.650946617126464844e-02
1.300000000000000000e+02 8.632183074951171875e-02
1.310000000000000000e+02 8.613663911819458008e-02
1.320000000000000000e+02 8.595378696918487549e-02
1.330000000000000000e+02 8.577324450016021729e-02
1.340000000000000000e+02 8.559486269950866699e-02
1.350000000000000000e+02 8.541855961084365845e-02
1.360000000000000000e+02 8.524417877197265625e-02
1.370000000000000000e+02 8.507167547941207886e-02
1.380000000000000000e+02 8.490099012851715088e-02
1.390000000000000000e+02 8.473208546638488770e-02
1.400000000000000000e+02 8.456487953662872314e-02
1.410000000000000000e+02 8.439926803112030029e-02
1.420000000000000000e+02 8.423520624637603760e-02
1.430000000000000000e+02 8.407265692949295044e-02
1.440000000000000000e+02 8.391159772872924805e-02
1.450000000000000000e+02 8.375190198421478271e-02
1.460000000000000000e+02 8.359354734420776367e-02
1.470000000000000000e+02 8.343647420406341553e-02
1.480000000000000000e+02 8.328066021203994751e-02
1.490000000000000000e+02 8.312608301639556885e-02
1.500000000000000000e+02 8.297267556190490723e-02
1.510000000000000000e+02 8.282040059566497803e-02
1.520000000000000000e+02 8.266925811767578125e-02
1.530000000000000000e+02 8.251923322677612305e-02
1.540000000000000000e+02 8.237028867006301880e-02
1.550000000000000000e+02 8.222243934869766235e-02
1.560000000000000000e+02 8.207564055919647217e-02
1.570000000000000000e+02 8.192991465330123901e-02
1.580000000000000000e+02 8.178522437810897827e-02
1.590000000000000000e+02 8.164157718420028687e-02
1.600000000000000000e+02 8.149895071983337402e-02
1.610000000000000000e+02 8.135735243558883667e-02
1.620000000000000000e+02 8.121675252914428711e-02
1.630000000000000000e+02 8.107712864875793457e-02
1.640000000000000000e+02 8.093847334384918213e-02
1.650000000000000000e+02 8.080076426267623901e-02
1.660000000000000000e+02 8.066400140523910522e-02
1.670000000000000000e+02 8.052814751863479614e-02
1.680000000000000000e+02 8.039318025112152100e-02
1.690000000000000000e+02 8.025908470153808594e-02
1.700000000000000000e+02 8.012582361698150635e-02
1.710000000000000000e+02 7.999338209629058838e-02
1.720000000000000000e+02 7.986174523830413818e-02
1.730000000000000000e+02 7.973089069128036499e-02
1.740000000000000000e+02 7.960079610347747803e-02
1.750000000000000000e+02 7.947141677141189575e-02
1.760000000000000000e+02 7.934273779392242432e-02
1.770000000000000000e+02 7.921478152275085449e-02
1.780000000000000000e+02 7.908746600151062012e-02
1.790000000000000000e+02 7.896079123020172119e-02
1.800000000000000000e+02 7.883474975824356079e-02
1.810000000000000000e+02 7.870928943157196045e-02
1.820000000000000000e+02 7.858442515134811401e-02
1.830000000000000000e+02 7.846011221408843994e-02
1.840000000000000000e+02 7.833633571863174438e-02
1.850000000000000000e+02 7.821308076381683350e-02
1.860000000000000000e+02 7.809032499790191650e-02
1.870000000000000000e+02 7.796803861856460571e-02
1.880000000000000000e+02 7.784622162580490112e-02
1.890000000000000000e+02 7.772485166788101196e-02
1.900000000000000000e+02 7.760389149188995361e-02
1.910000000000000000e+02 7.748335599899291992e-02
1.920000000000000000e+02 7.736320793628692627e-02
1.930000000000000000e+02 7.724341750144958496e-02
1.940000000000000000e+02 7.712399959564208984e-02
1.950000000000000000e+02 7.700492441654205322e-02
1.960000000000000000e+02 7.688616961240768433e-02
1.970000000000000000e+02 7.676774263381958008e-02
1.980000000000000000e+02 7.664959877729415894e-02
1.990000000000000000e+02 7.653174549341201782e-02
2.000000000000000000e+02 7.641416043043136597e-02
2.010000000000000000e+02 7.629684358835220337e-02
2.020000000000000000e+02 7.617977261543273926e-02
2.030000000000000000e+02 7.606293261051177979e-02
2.040000000000000000e+02 7.594633102416992188e-02
2.050000000000000000e+02 7.582995295524597168e-02
2.060000000000000000e+02 7.571376115083694458e-02
2.070000000000000000e+02 7.559779286384582520e-02
2.080000000000000000e+02 7.548201084136962891e-02
2.090000000000000000e+02 7.536641508340835571e-02
2.100000000000000000e+02 7.525101304054260254e-02
2.110000000000000000e+02 7.513578236103057861e-02
2.120000000000000000e+02 7.502073794603347778e-02
2.130000000000000000e+02 7.490585744380950928e-02
2.140000000000000000e+02 7.479114830493927002e-02
2.150000000000000000e+02 7.467659562826156616e-02
2.160000000000000000e+02 7.456220686435699463e-02
2.170000000000000000e+02 7.444799691438674927e-02
2.180000000000000000e+02 7.433393597602844238e-02
2.190000000000000000e+02 7.422003895044326782e-02
2.200000000000000000e+02 7.410630583763122559e-02
2.210000000000000000e+02 7.399272173643112183e-02
2.220000000000000000e+02 7.387930154800415039e-02
2.230000000000000000e+02 7.376605272293090820e-02
2.240000000000000000e+02 7.365295290946960449e-02
2.250000000000000000e+02 7.354000955820083618e-02
2.260000000000000000e+02 7.342723757028579712e-02
2.270000000000000000e+02 7.331462949514389038e-02
2.280000000000000000e+02 7.320217788219451904e-02
2.290000000000000000e+02 7.308990508317947388e-02
2.300000000000000000e+02 7.297779619693756104e-02
2.310000000000000000e+02 7.286585122346878052e-02
2.320000000000000000e+02 7.275409251451492310e-02
2.330000000000000000e+02 7.264249026775360107e-02
2.340000000000000000e+02 7.253107428550720215e-02
2.350000000000000000e+02 7.241983711719512939e-02
2.360000000000000000e+02 7.230879366397857666e-02
2.370000000000000000e+02 7.219793647527694702e-02
2.380000000000000000e+02 7.208726555109024048e-02
2.390000000000000000e+02 7.197681069374084473e-02
2.400000000000000000e+02 7.186654210090637207e-02
2.410000000000000000e+02 7.175648957490921021e-02
2.420000000000000000e+02 7.164664566516876221e-02
2.430000000000000000e+02 7.153703272342681885e-02
2.440000000000000000e+02 7.142764329910278320e-02
2.450000000000000000e+02 7.131849229335784912e-02
2.460000000000000000e+02 7.120959460735321045e-02
2.470000000000000000e+02 7.110093533992767334e-02
2.480000000000000000e+02 7.099256664514541626e-02
2.490000000000000000e+02 7.088447362184524536e-02
2.500000000000000000e+02 7.077664136886596680e-02
2.510000000000000000e+02 7.066911458969116211e-02
2.520000000000000000e+02 7.056190818548202515e-02
2.530000000000000000e+02 7.045502215623855591e-02
2.540000000000000000e+02 7.034847140312194824e-02
2.550000000000000000e+02 7.024227827787399292e-02
2.560000000000000000e+02 7.013644278049468994e-02
2.570000000000000000e+02 7.003098726272583008e-02
2.580000000000000000e+02 6.992591917514801025e-02
2.590000000000000000e+02 6.982126086950302124e-02
2.600000000000000000e+02 6.971703469753265381e-02
2.610000000000000000e+02 6.961325556039810181e-02
2.620000000000000000e+02 6.950991600751876831e-02
2.630000000000000000e+02 6.940706074237823486e-02
2.640000000000000000e+02 6.930467486381530762e-02
2.650000000000000000e+02 6.920280307531356812e-02
2.660000000000000000e+02 6.910145282745361328e-02
2.670000000000000000e+02 6.900063157081604004e-02
2.680000000000000000e+02 6.890036165714263916e-02
2.690000000000000000e+02 6.880065053701400757e-02
2.700000000000000000e+02 6.870152056217193604e-02
2.710000000000000000e+02 6.860297173261642456e-02
2.720000000000000000e+02 6.850502640008926392e-02
2.730000000000000000e+02 6.840769946575164795e-02
2.740000000000000000e+02 6.831101328134536743e-02
2.750000000000000000e+02 6.821495294570922852e-02
2.760000000000000000e+02 6.811955571174621582e-02
2.770000000000000000e+02 6.802479922771453857e-02
2.780000000000000000e+02 6.793072819709777832e-02
2.790000000000000000e+02 6.783732026815414429e-02
2.800000000000000000e+02 6.774462759494781494e-02
2.810000000000000000e+02 6.765260547399520874e-02
2.820000000000000000e+02 6.756129860877990723e-02
2.830000000000000000e+02 6.747071444988250732e-02
2.840000000000000000e+02 6.738083064556121826e-02
2.850000000000000000e+02 6.729167699813842773e-02
2.860000000000000000e+02 6.720326095819473267e-02
2.870000000000000000e+02 6.711557507514953613e-02
2.880000000000000000e+02 6.702864170074462891e-02
2.890000000000000000e+02 6.694244593381881714e-02
2.900000000000000000e+02 6.685700267553329468e-02
2.910000000000000000e+02 6.677231192588806152e-02
2.920000000000000000e+02 6.668838113546371460e-02
2.930000000000000000e+02 6.660520285367965698e-02
2.940000000000000000e+02 6.652279198169708252e-02
2.950000000000000000e+02 6.644115597009658813e-02
2.960000000000000000e+02 6.636027246713638306e-02
2.970000000000000000e+02 6.628015637397766113e-02
2.980000000000000000e+02 6.620081514120101929e-02
2.990000000000000000e+02 6.612223386764526367e-02
3.000000000000000000e+02 6.604442000389099121e-02
3.010000000000000000e+02 6.596738100051879883e-02
3.020000000000000000e+02 6.589107960462570190e-02
3.030000000000000000e+02 6.581554561853408813e-02
3.040000000000000000e+02 6.574076414108276367e-02
3.050000000000000000e+02 6.566674262285232544e-02
3.060000000000000000e+02 6.559346616268157959e-02
3.070000000000000000e+02 6.552091985940933228e-02
3.080000000000000000e+02 6.544910371303558350e-02
3.090000000000000000e+02 6.537801027297973633e-02
3.100000000000000000e+02 6.530763953924179077e-02
3.110000000000000000e+02 6.523796170949935913e-02
3.120000000000000000e+02 6.516899168491363525e-02
3.130000000000000000e+02 6.510070711374282837e-02
3.140000000000000000e+02 6.503309309482574463e-02
3.150000000000000000e+02 6.496613472700119019e-02
3.160000000000000000e+02 6.489984691143035889e-02
3.170000000000000000e+02 6.483417749404907227e-02
3.180000000000000000e+02 6.476914137601852417e-02
3.190000000000000000e+02 6.470471620559692383e-02
3.200000000000000000e+02 6.464087218046188354e-02
3.210000000000000000e+02 6.457762420177459717e-02
3.220000000000000000e+02 6.451494991779327393e-02
3.230000000000000000e+02 6.445281207561492920e-02
3.240000000000000000e+02 6.439121067523956299e-02
3.250000000000000000e+02 6.433013826608657837e-02
3.260000000000000000e+02 6.426957249641418457e-02
3.270000000000000000e+02 6.420949101448059082e-02
3.280000000000000000e+02 6.414987891912460327e-02
3.290000000000000000e+02 6.409072130918502808e-02
3.300000000000000000e+02 6.403201073408126831e-02
3.310000000000000000e+02 6.397372484207153320e-02
3.320000000000000000e+02 6.391584873199462891e-02
3.330000000000000000e+02 6.385836005210876465e-02
3.340000000000000000e+02 6.380125135183334351e-02
3.350000000000000000e+02 6.374450027942657471e-02
3.360000000000000000e+02 6.368808448314666748e-02
3.370000000000000000e+02 6.363201886415481567e-02
3.380000000000000000e+02 6.357625126838684082e-02
3.390000000000000000e+02 6.352078914642333984e-02
3.400000000000000000e+02 6.346561014652252197e-02
3.410000000000000000e+02 6.341068446636199951e-02
3.420000000000000000e+02 6.335604935884475708e-02
3.430000000000000000e+02 6.330162286758422852e-02
3.440000000000000000e+02 6.324742734432220459e-02
3.450000000000000000e+02 6.319345533847808838e-02
3.460000000000000000e+02 6.313967704772949219e-02
3.470000000000000000e+02 6.308607757091522217e-02
3.480000000000000000e+02 6.303265690803527832e-02
3.490000000000000000e+02 6.297938525676727295e-02
3.500000000000000000e+02 6.292627751827239990e-02
3.510000000000000000e+02 6.287328153848648071e-02
3.520000000000000000e+02 6.282041966915130615e-02
3.530000000000000000e+02 6.276766210794448853e-02
3.540000000000000000e+02 6.271499395370483398e-02
3.550000000000000000e+02 6.266242265701293945e-02
3.560000000000000000e+02 6.260991096496582031e-02
3.570000000000000000e+02 6.255745887756347656e-02
3.580000000000000000e+02 6.250506639480590820e-02
3.590000000000000000e+02 6.245270743966102600e-02
3.600000000000000000e+02 6.240038573741912842e-02
3.610000000000000000e+02 6.234806776046752930e-02
3.620000000000000000e+02 6.229575350880622864e-02
3.630000000000000000e+02 6.224343180656433105e-02
3.640000000000000000e+02 6.219109892845153809e-02
3.650000000000000000e+02 6.213873624801635742e-02
3.660000000000000000e+02 6.208632886409759521e-02
3.670000000000000000e+02 6.203388050198554993e-02
3.680000000000000000e+02 6.198136880993843079e-02
3.690000000000000000e+02 6.192879006266593933e-02
3.700000000000000000e+02 6.187612563371658325e-02
3.710000000000000000e+02 6.182336062192916870e-02
3.720000000000000000e+02 6.177049502730369568e-02
3.730000000000000000e+02 6.171753257513046265e-02
3.740000000000000000e+02 6.166442856192588806e-02
3.750000000000000000e+02 6.161119043827056885e-02
3.760000000000000000e+02 6.155780702829360962e-02
3.770000000000000000e+02 6.150427460670471191e-02
3.780000000000000000e+02 6.145056337118148804e-02
3.790000000000000000e+02 6.139666587114334106e-02
3.800000000000000000e+02 6.134259700775146484e-02
3.810000000000000000e+02 6.128831952810287476e-02
3.820000000000000000e+02 6.123381853103637695e-02
3.830000000000000000e+02 6.117910891771316528e-02
3.840000000000000000e+02 6.112416088581085205e-02
3.850000000000000000e+02 6.106896698474884033e-02
3.860000000000000000e+02 6.101350858807563782e-02
3.870000000000000000e+02 6.095778942108154297e-02
3.880000000000000000e+02 6.090177968144416809e-02
3.890000000000000000e+02 6.084549054503440857e-02
3.900000000000000000e+02 6.078889220952987671e-02
3.910000000000000000e+02 6.073198467493057251e-02
3.920000000000000000e+02 6.067474186420440674e-02
3.930000000000000000e+02 6.061716005206108093e-02
3.940000000000000000e+02 6.055923551321029663e-02
3.950000000000000000e+02 6.050094962120056152e-02
3.960000000000000000e+02 6.044229492545127869e-02
3.970000000000000000e+02 6.038324162364006042e-02
3.980000000000000000e+02 6.032380089163780212e-02
3.990000000000000000e+02 6.026394665241241455e-02
4.000000000000000000e+02 6.020368635654449463e-02
4.010000000000000000e+02 6.014298275113105774e-02
4.020000000000000000e+02 6.008183583617210388e-02
4.030000000000000000e+02 6.002024561166763306e-02
4.040000000000000000e+02 5.995817482471466064e-02
4.050000000000000000e+02 5.989564210176467896e-02
4.060000000000000000e+02 5.983260273933410645e-02
4.070000000000000000e+02 5.976909026503562927e-02
4.080000000000000000e+02 5.970504134893417358e-02
4.090000000000000000e+02 5.964047461748123169e-02
4.100000000000000000e+02 5.957537889480590820e-02
4.110000000000000000e+02 5.950974300503730774e-02
4.120000000000000000e+02 5.944355949759483337e-02
4.130000000000000000e+02 5.937680602073669434e-02
4.140000000000000000e+02 5.930947512388229370e-02
4.150000000000000000e+02 5.924154818058013916e-02
4.160000000000000000e+02 5.917304381728172302e-02
4.170000000000000000e+02 5.910392478108406067e-02
4.180000000000000000e+02 5.903419107198715210e-02
4.190000000000000000e+02 5.896383896470069885e-02
4.200000000000000000e+02 5.889283865690231323e-02
4.210000000000000000e+02 5.882120132446289062e-02
4.220000000000000000e+02 5.874891579151153564e-02
4.230000000000000000e+02 5.867597833275794983e-02
4.240000000000000000e+02 5.860235542058944702e-02
4.250000000000000000e+02 5.852806195616722107e-02
4.260000000000000000e+02 5.845308303833007812e-02
4.270000000000000000e+02 5.837741494178771973e-02
4.280000000000000000e+02 5.830104276537895203e-02
4.290000000000000000e+02 5.822397023439407349e-02
4.300000000000000000e+02 5.814618244767189026e-02
4.310000000000000000e+02 5.806767195463180542e-02
4.320000000000000000e+02 5.798843502998352051e-02
4.330000000000000000e+02 5.790848284959793091e-02
4.340000000000000000e+02 5.782777816057205200e-02
4.350000000000000000e+02 5.774635076522827148e-02
4.360000000000000000e+02 5.766418203711509705e-02
4.370000000000000000e+02 5.758125707507133484e-02
4.380000000000000000e+02 5.749759078025817871e-02
4.390000000000000000e+02 5.741316452622413635e-02
4.400000000000000000e+02 5.732798576354980469e-02
4.410000000000000000e+02 5.724205821752548218e-02
4.420000000000000000e+02 5.715537816286087036e-02
4.430000000000000000e+02 5.706793814897537231e-02
4.440000000000000000e+02 5.697974562644958496e-02
4.450000000000000000e+02 5.689078941941261292e-02
4.460000000000000000e+02 5.680109187960624695e-02
4.470000000000000000e+02 5.671063065528869629e-02
4.480000000000000000e+02 5.661943554878234863e-02
4.490000000000000000e+02 5.652749538421630859e-02
4.500000000000000000e+02 5.643481388688087463e-02
4.510000000000000000e+02 5.634139478206634521e-02
4.520000000000000000e+02 5.624725669622421265e-02
4.530000000000000000e+02 5.615239590406417847e-02
4.540000000000000000e+02 5.605681985616683960e-02
4.550000000000000000e+02 5.596054345369338989e-02
4.560000000000000000e+02 5.586357042193412781e-02
4.570000000000000000e+02 5.576591193675994873e-02
4.580000000000000000e+02 5.566758662462234497e-02
4.590000000000000000e+02 5.556859448552131653e-02
4.600000000000000000e+02 5.546895787119865417e-02
4.610000000000000000e+02 5.536868423223495483e-02
4.620000000000000000e+02 5.526779592037200928e-02
4.630000000000000000e+02 5.516630411148071289e-02
4.640000000000000000e+02 5.506421625614166260e-02
4.650000000000000000e+02 5.496156960725784302e-02
4.660000000000000000e+02 5.485837534070014954e-02
4.670000000000000000e+02 5.475464835762977600e-02
4.680000000000000000e+02 5.465040355920791626e-02
4.690000000000000000e+02 5.454567819833755493e-02
4.700000000000000000e+02 5.444048717617988586e-02
4.710000000000000000e+02 5.433485284447669983e-02
4.720000000000000000e+02 5.422880500555038452e-02
4.730000000000000000e+02 5.412236601114273071e-02
4.740000000000000000e+02 5.401556193828582764e-02
4.750000000000000000e+02 5.390842258930206299e-02
4.760000000000000000e+02 5.380097031593322754e-02
4.770000000000000000e+02 5.369323864579200745e-02
4.780000000000000000e+02 5.358526110649108887e-02
4.790000000000000000e+02 5.347707495093345642e-02
4.800000000000000000e+02 5.336870253086090088e-02
4.810000000000000000e+02 5.326016992330551147e-02
4.820000000000000000e+02 5.315152183175086975e-02
4.830000000000000000e+02 5.304279178380966187e-02
4.840000000000000000e+02 5.293401330709457397e-02
4.850000000000000000e+02 5.282523110508918762e-02
4.860000000000000000e+02 5.271646007895469666e-02
4.870000000000000000e+02 5.260775983333587646e-02
4.880000000000000000e+02 5.249916389584541321e-02
4.890000000000000000e+02 5.239070206880569458e-02
4.900000000000000000e+02 5.228242278099060059e-02
4.910000000000000000e+02 5.217435583472251892e-02
4.920000000000000000e+02 5.206654965877532959e-02
4.930000000000000000e+02 5.195904523134231567e-02
4.940000000000000000e+02 5.185187980532646179e-02
4.950000000000000000e+02 5.174509435892105103e-02
4.960000000000000000e+02 5.163872987031936646e-02
4.970000000000000000e+02 5.153281614184379578e-02
4.980000000000000000e+02 5.142742767930030823e-02
4.990000000000000000e+02 5.132256820797920227e-02
5.000000000000000000e+02 5.121830105781555176e-02
5.010000000000000000e+02 5.111464485526084900e-02
5.020000000000000000e+02 5.101165920495986938e-02
5.030000000000000000e+02 5.090938135981559753e-02
5.040000000000000000e+02 5.080783739686012268e-02
5.050000000000000000e+02 5.070707947015762329e-02
5.060000000000000000e+02 5.060713365674018860e-02
5.070000000000000000e+02 5.050803720951080322e-02
5.080000000000000000e+02 5.040984600782394409e-02
5.090000000000000000e+02 5.031256377696990967e-02
5.100000000000000000e+02 5.021624267101287842e-02
5.110000000000000000e+02 5.012090504169464111e-02
5.120000000000000000e+02 5.002658441662788391e-02
5.130000000000000000e+02 4.993331432342529297e-02
5.140000000000000000e+02 4.984111711382865906e-02
5.150000000000000000e+02 4.975001141428947449e-02
5.160000000000000000e+02 4.966002702713012695e-02
5.170000000000000000e+02 4.957118257880210876e-02
5.180000000000000000e+02 4.948350042104721069e-02
5.190000000000000000e+02 4.939699545502662659e-02
5.200000000000000000e+02 4.931169003248214722e-02
5.210000000000000000e+02 4.922759160399436951e-02
5.220000000000000000e+02 4.914470762014389038e-02
5.230000000000000000e+02 4.906305298209190369e-02
5.240000000000000000e+02 4.898263141512870789e-02
5.250000000000000000e+02 4.890344664454460144e-02
5.260000000000000000e+02 4.882550239562988281e-02
5.270000000000000000e+02 4.874879494309425354e-02
5.280000000000000000e+02 4.867333173751831055e-02
5.290000000000000000e+02 4.859910160303115845e-02
5.300000000000000000e+02 4.852609336376190186e-02
5.310000000000000000e+02 4.845430701971054077e-02
5.320000000000000000e+02 4.838373512029647827e-02
5.330000000000000000e+02 4.831436276435852051e-02
5.340000000000000000e+02 4.824616760015487671e-02
5.350000000000000000e+02 4.817914590239524841e-02
5.360000000000000000e+02 4.811327904462814331e-02
5.370000000000000000e+02 4.804854467511177063e-02
5.380000000000000000e+02 4.798492044210433960e-02
5.390000000000000000e+02 4.792239516973495483e-02
5.400000000000000000e+02 4.786094650626182556e-02
5.410000000000000000e+02 4.780054092407226562e-02
5.420000000000000000e+02 4.774117469787597656e-02
5.430000000000000000e+02 4.768279939889907837e-02
5.440000000000000000e+02 4.762541130185127258e-02
5.450000000000000000e+02 4.756897687911987305e-02
5.460000000000000000e+02 4.751346632838249207e-02
5.470000000000000000e+02 4.745886474847793579e-02
5.480000000000000000e+02 4.740514233708381653e-02
5.490000000000000000e+02 4.735226929187774658e-02
5.500000000000000000e+02 4.730022326111793518e-02
5.510000000000000000e+02 4.724897816777229309e-02
5.520000000000000000e+02 4.719851166009902954e-02
5.530000000000000000e+02 4.714879766106605530e-02
5.540000000000000000e+02 4.709981381893157959e-02
5.550000000000000000e+02 4.705152660608291626e-02
5.560000000000000000e+02 4.700392112135887146e-02
5.570000000000000000e+02 4.695696756243705750e-02
5.580000000000000000e+02 4.691065102815628052e-02
5.590000000000000000e+02 4.686494171619415283e-02
5.600000000000000000e+02 4.681982472538948059e-02
5.610000000000000000e+02 4.677527770400047302e-02
5.620000000000000000e+02 4.673127084970474243e-02
5.630000000000000000e+02 4.668781161308288574e-02
5.640000000000000000e+02 4.664484784007072449e-02
5.650000000000000000e+02 4.660237580537796021e-02
5.660000000000000000e+02 4.656037688255310059e-02
5.670000000000000000e+02 4.651884362101554871e-02
5.680000000000000000e+02 4.647774249315261841e-02
5.690000000000000000e+02 4.643706977367401123e-02
5.700000000000000000e+02 4.639680311083793640e-02
5.710000000000000000e+02 4.635693132877349854e-02
5.720000000000000000e+02 4.631744325160980225e-02
5.730000000000000000e+02 4.627832770347595215e-02
5.740000000000000000e+02 4.623955488204956055e-02
5.750000000000000000e+02 4.620113223791122437e-02
5.760000000000000000e+02 4.616302624344825745e-02
5.770000000000000000e+02 4.612524807453155518e-02
5.780000000000000000e+02 4.608777165412902832e-02
5.790000000000000000e+02 4.605059698224067688e-02
5.800000000000000000e+02 4.601369798183441162e-02
5.810000000000000000e+02 4.597709327936172485e-02
5.820000000000000000e+02 4.594073817133903503e-02
5.830000000000000000e+02 4.590464755892753601e-02
5.840000000000000000e+02 4.586880654096603394e-02
5.850000000000000000e+02 4.583320766687393188e-02
5.860000000000000000e+02 4.579783603549003601e-02
5.870000000000000000e+02 4.576268792152404785e-02
5.880000000000000000e+02 4.572776705026626587e-02
5.890000000000000000e+02 4.569304734468460083e-02
5.900000000000000000e+02 4.565853625535964966e-02
5.910000000000000000e+02 4.562421888113021851e-02
5.920000000000000000e+02 4.559008777141571045e-02
5.930000000000000000e+02 4.555615037679672241e-02
5.940000000000000000e+02 4.552239179611206055e-02
5.950000000000000000e+02 4.548880085349082947e-02
5.960000000000000000e+02 4.545538127422332764e-02
5.970000000000000000e+02 4.542211815714836121e-02
5.980000000000000000e+02 4.538902267813682556e-02
5.990000000000000000e+02 4.535607621073722839e-02
6.000000000000000000e+02 4.532327502965927124e-02
6.010000000000000000e+02 4.529062658548355103e-02
6.020000000000000000e+02 4.525812342762947083e-02
6.030000000000000000e+02 4.522574320435523987e-02
6.040000000000000000e+02 4.519350454211235046e-02
6.050000000000000000e+02 4.516139253973960876e-02
6.060000000000000000e+02 4.512941092252731323e-02
6.070000000000000000e+02 4.509754478931427002e-02
6.080000000000000000e+02 4.506580531597137451e-02
6.090000000000000000e+02 4.503418505191802979e-02
6.100000000000000000e+02 4.500267282128334045e-02
6.110000000000000000e+02 4.497126489877700806e-02
6.120000000000000000e+02 4.493997991085052490e-02
6.130000000000000000e+02 4.490878432989120483e-02
6.140000000000000000e+02 4.487770423293113708e-02
6.150000000000000000e+02 4.484672099351882935e-02
6.160000000000000000e+02 4.481583833694458008e-02
6.170000000000000000e+02 4.478504881262779236e-02
6.180000000000000000e+02 4.475435987114906311e-02
6.190000000000000000e+02 4.472376033663749695e-02
6.200000000000000000e+02 4.469323903322219849e-02
6.210000000000000000e+02 4.466282576322555542e-02
6.220000000000000000e+02 4.463249072432518005e-02
6.230000000000000000e+02 4.460223764181137085e-02
6.240000000000000000e+02 4.457207024097442627e-02
6.250000000000000000e+02 4.454198479652404785e-02
6.260000000000000000e+02 4.451198130846023560e-02
6.270000000000000000e+02 4.448204860091209412e-02
6.280000000000000000e+02 4.445220157504081726e-02
6.290000000000000000e+02 4.442243278026580811e-02
6.300000000000000000e+02 4.439272731542587280e-02
6.310000000000000000e+02 4.436310380697250366e-02
6.320000000000000000e+02 4.433354362845420837e-02
6.330000000000000000e+02 4.430405795574188232e-02
6.340000000000000000e+02 4.427464306354522705e-02
6.350000000000000000e+02 4.424529895186424255e-02
6.360000000000000000e+02 4.421602189540863037e-02
6.370000000000000000e+02 4.418679699301719666e-02
6.380000000000000000e+02 4.415765404701232910e-02
6.390000000000000000e+02 4.412856698036193848e-02
6.400000000000000000e+02 4.409953951835632324e-02
6.410000000000000000e+02 4.407058656215667725e-02
6.420000000000000000e+02 4.404168576002120972e-02
6.430000000000000000e+02 4.401284828782081604e-02
6.440000000000000000e+02 4.398407787084579468e-02
6.450000000000000000e+02 4.395538568496704102e-02
6.460000000000000000e+02 4.392678290605545044e-02
6.470000000000000000e+02 4.389832541346549988e-02
6.480000000000000000e+02 4.387013986706733704e-02
6.490000000000000000e+02 4.384253919124603271e-02
6.500000000000000000e+02 4.381629824638366699e-02
6.510000000000000000e+02 4.379338771104812622e-02
6.520000000000000000e+02 4.377856105566024780e-02
6.530000000000000000e+02 4.378282278776168823e-02
6.540000000000000000e+02 4.382602870464324951e-02
6.550000000000000000e+02 4.392885044217109680e-02
6.560000000000000000e+02 4.403784498572349548e-02
6.570000000000000000e+02 4.401515051722526550e-02
6.580000000000000000e+02 4.375979304313659668e-02
6.590000000000000000e+02 4.356659948825836182e-02
6.600000000000000000e+02 4.363057762384414673e-02
6.610000000000000000e+02 4.373577237129211426e-02
6.620000000000000000e+02 4.364032298326492310e-02
6.630000000000000000e+02 4.347012192010879517e-02
6.640000000000000000e+02 4.348183795809745789e-02
6.650000000000000000e+02 4.355479404330253601e-02
6.660000000000000000e+02 4.347176849842071533e-02
6.670000000000000000e+02 4.335840791463851929e-02
6.680000000000000000e+02 4.337627813220024109e-02
6.690000000000000000e+02 4.340133070945739746e-02
6.700000000000000000e+02 4.332129284739494324e-02
6.710000000000000000e+02 4.325480014085769653e-02
6.720000000000000000e+02 4.327472671866416931e-02
6.730000000000000000e+02 4.326504096388816833e-02
6.740000000000000000e+02 4.319107905030250549e-02
6.750000000000000000e+02 4.315929114818572998e-02
6.760000000000000000e+02 4.316911101341247559e-02
6.770000000000000000e+02 4.313439503312110901e-02
6.780000000000000000e+02 4.307856783270835876e-02
6.790000000000000000e+02 4.306430369615554810e-02
6.800000000000000000e+02 4.305723309516906738e-02
6.810000000000000000e+02 4.301554337143898010e-02
6.820000000000000000e+02 4.297659546136856079e-02
6.830000000000000000e+02 4.296591877937316895e-02
6.840000000000000000e+02 4.294629767537117004e-02
6.850000000000000000e+02 4.290598630905151367e-02
6.860000000000000000e+02 4.287829250097274780e-02
6.870000000000000000e+02 4.286460578441619873e-02
6.880000000000000000e+02 4.283766448497772217e-02
6.890000000000000000e+02 4.280266910791397095e-02
6.900000000000000000e+02 4.278011620044708252e-02
6.910000000000000000e+02 4.276183620095252991e-02
6.920000000000000000e+02 4.273288697004318237e-02
6.930000000000000000e+02 4.270250350236892700e-02
6.940000000000000000e+02 4.268123209476470947e-02
6.950000000000000000e+02 4.265969246625900269e-02
6.960000000000000000e+02 4.263088107109069824e-02
6.970000000000000000e+02 4.260354489088058472e-02
6.980000000000000000e+02 4.258194193243980408e-02
6.990000000000000000e+02 4.255846142768859863e-02
7.000000000000000000e+02 4.253071546554565430e-02
7.010000000000000000e+02 4.250499233603477478e-02
7.020000000000000000e+02 4.248262569308280945e-02
7.030000000000000000e+02 4.245836660265922546e-02
7.040000000000000000e+02 4.243160039186477661e-02
7.050000000000000000e+02 4.240661859512329102e-02
7.060000000000000000e+02 4.238359630107879639e-02
7.070000000000000000e+02 4.235906898975372314e-02
7.080000000000000000e+02 4.233308136463165283e-02
7.090000000000000000e+02 4.230839014053344727e-02
7.100000000000000000e+02 4.228488728404045105e-02
7.110000000000000000e+02 4.226038977503776550e-02
7.120000000000000000e+02 4.223493486642837524e-02
7.130000000000000000e+02 4.221032932400703430e-02
7.140000000000000000e+02 4.218652844429016113e-02
7.150000000000000000e+02 4.216209799051284790e-02
7.160000000000000000e+02 4.213701933622360229e-02
7.170000000000000000e+02 4.211243614554405212e-02
7.180000000000000000e+02 4.208843410015106201e-02
7.190000000000000000e+02 4.206409677863121033e-02
7.200000000000000000e+02 4.203928634524345398e-02
7.210000000000000000e+02 4.201470315456390381e-02
7.220000000000000000e+02 4.199056327342987061e-02
7.230000000000000000e+02 4.196628555655479431e-02
7.240000000000000000e+02 4.194166138768196106e-02
7.250000000000000000e+02 4.191710054874420166e-02
7.260000000000000000e+02 4.189284518361091614e-02
7.270000000000000000e+02 4.186859726905822754e-02
7.280000000000000000e+02 4.184411466121673584e-02
7.290000000000000000e+02 4.181959480047225952e-02
7.300000000000000000e+02 4.179526120424270630e-02
7.310000000000000000e+02 4.177099466323852539e-02
7.320000000000000000e+02 4.174661263823509216e-02
7.330000000000000000e+02 4.172213375568389893e-02
7.340000000000000000e+02 4.169774055480957031e-02
7.350000000000000000e+02 4.167344421148300171e-02
7.360000000000000000e+02 4.164910688996315002e-02
7.370000000000000000e+02 4.162468016147613525e-02
7.380000000000000000e+02 4.160025715827941895e-02
7.390000000000000000e+02 4.157591238617897034e-02
7.400000000000000000e+02 4.155157133936882019e-02
7.410000000000000000e+02 4.152718186378479004e-02
7.420000000000000000e+02 4.150275886058807373e-02
7.430000000000000000e+02 4.147836193442344666e-02
7.440000000000000000e+02 4.145399481058120728e-02
7.450000000000000000e+02 4.142962023615837097e-02
7.460000000000000000e+02 4.140519723296165466e-02
7.470000000000000000e+02 4.138077050447463989e-02
7.480000000000000000e+02 4.135635867714881897e-02
7.490000000000000000e+02 4.133195057511329651e-02
7.500000000000000000e+02 4.130752757191658020e-02
7.510000000000000000e+02 4.128307476639747620e-02
7.520000000000000000e+02 4.125862196087837219e-02
7.530000000000000000e+02 4.123417660593986511e-02
7.540000000000000000e+02 4.120972380042076111e-02
7.550000000000000000e+02 4.118524491786956787e-02
7.560000000000000000e+02 4.116075113415718079e-02
7.570000000000000000e+02 4.113625735044479370e-02
7.580000000000000000e+02 4.111175239086151123e-02
7.590000000000000000e+02 4.108723998069763184e-02
7.600000000000000000e+02 4.106270521879196167e-02
7.610000000000000000e+02 4.103815928101539612e-02
7.620000000000000000e+02 4.101359844207763672e-02
7.630000000000000000e+02 4.098903387784957886e-02
7.640000000000000000e+02 4.096445068717002869e-02
7.650000000000000000e+02 4.093985259532928467e-02
7.660000000000000000e+02 4.091523587703704834e-02
7.670000000000000000e+02 4.089060053229331970e-02
7.680000000000000000e+02 4.086595401167869568e-02
7.690000000000000000e+02 4.084129258990287781e-02
7.700000000000000000e+02 4.081661254167556763e-02
7.710000000000000000e+02 4.079191014170646667e-02
7.720000000000000000e+02 4.076718166470527649e-02
7.730000000000000000e+02 4.074244946241378784e-02
7.740000000000000000e+02 4.071769490838050842e-02
7.750000000000000000e+02 4.069291800260543823e-02
7.760000000000000000e+02 4.066811501979827881e-02
7.770000000000000000e+02 4.064329713582992554e-02
7.780000000000000000e+02 4.061846062541007996e-02
7.790000000000000000e+02 4.059359058737754822e-02
7.800000000000000000e+02 4.056870564818382263e-02
7.810000000000000000e+02 4.054379463195800781e-02
7.820000000000000000e+02 4.051886126399040222e-02
7.830000000000000000e+02 4.049390181899070740e-02
7.840000000000000000e+02 4.046892002224922180e-02
7.850000000000000000e+02 4.044390842318534851e-02
7.860000000000000000e+02 4.041887819766998291e-02
7.870000000000000000e+02 4.039381444454193115e-02
7.880000000000000000e+02 4.036872833967208862e-02
7.890000000000000000e+02 4.034360870718955994e-02
7.900000000000000000e+02 4.031846672296524048e-02
7.910000000000000000e+02 4.029329493641853333e-02
7.920000000000000000e+02 4.026809334754943848e-02
7.930000000000000000e+02 4.024286568164825439e-02
7.940000000000000000e+02 4.021760076284408569e-02
7.950000000000000000e+02 4.019231349229812622e-02
7.960000000000000000e+02 4.016699641942977905e-02
7.970000000000000000e+02 4.014164209365844727e-02
7.980000000000000000e+02 4.011626169085502625e-02
7.990000000000000000e+02 4.009084403514862061e-02
8.000000000000000000e+02 4.006540402770042419e-02
8.010000000000000000e+02 4.003992304205894470e-02
8.020000000000000000e+02 4.001441225409507751e-02
8.030000000000000000e+02 3.998886793851852417e-02
8.040000000000000000e+02 3.996329754590988159e-02
8.050000000000000000e+02 3.993768617510795593e-02
8.060000000000000000e+02 3.991205245256423950e-02
8.070000000000000000e+02 3.988637775182723999e-02
8.080000000000000000e+02 3.986067324876785278e-02
8.090000000000000000e+02 3.983493894338607788e-02
8.100000000000000000e+02 3.980917111039161682e-02
8.110000000000000000e+02 3.978337720036506653e-02
8.120000000000000000e+02 3.975753858685493469e-02
8.130000000000000000e+02 3.973168134689331055e-02
8.140000000000000000e+02 3.970577940344810486e-02
8.150000000000000000e+02 3.967985510826110840e-02
8.160000000000000000e+02 3.965390473604202271e-02
8.170000000000000000e+02 3.962792456150054932e-02
8.180000000000000000e+02 3.960190713405609131e-02
8.190000000000000000e+02 3.957586362957954407e-02
8.200000000000000000e+02 3.954979404807090759e-02
8.210000000000000000e+02 3.952370584011077881e-02
8.220000000000000000e+02 3.949757292866706848e-02
8.230000000000000000e+02 3.947142884135246277e-02
8.240000000000000000e+02 3.944525867700576782e-02
8.250000000000000000e+02 3.941905871033668518e-02
8.260000000000000000e+02 3.939283639192581177e-02
8.270000000000000000e+02 3.936659544706344604e-02
8.280000000000000000e+02 3.934033215045928955e-02
8.290000000000000000e+02 3.931405022740364075e-02
8.300000000000000000e+02 3.928774222731590271e-02
8.310000000000000000e+02 3.926142305135726929e-02
8.320000000000000000e+02 3.923507779836654663e-02
8.330000000000000000e+02 3.920872509479522705e-02
8.340000000000000000e+02 3.918235376477241516e-02
8.350000000000000000e+02 3.915596380829811096e-02
8.360000000000000000e+02 3.912957012653350830e-02
8.370000000000000000e+02 3.910315036773681641e-02
8.380000000000000000e+02 3.907673060894012451e-02
8.390000000000000000e+02 3.905029967427253723e-02
8.400000000000000000e+02 3.902385011315345764e-02
8.410000000000000000e+02 3.899740055203437805e-02
8.420000000000000000e+02 3.897093981504440308e-02
8.430000000000000000e+02 3.894447907805442810e-02
8.440000000000000000e+02 3.891800343990325928e-02
8.450000000000000000e+02 3.889153152704238892e-02
8.460000000000000000e+02 3.886505588889122009e-02
8.470000000000000000e+02 3.883857280015945435e-02
8.480000000000000000e+02 3.881209343671798706e-02
8.490000000000000000e+02 3.878561034798622131e-02
8.500000000000000000e+02 3.875913098454475403e-02
8.510000000000000000e+02 3.873265162110328674e-02
8.520000000000000000e+02 3.870617598295211792e-02
8.530000000000000000e+02 3.867970407009124756e-02
8.540000000000000000e+02 3.865323215723037720e-02
8.550000000000000000e+02 3.862676769495010376e-02
8.560000000000000000e+02 3.860030695796012878e-02
8.570000000000000000e+02 3.857385367155075073e-02
8.580000000000000000e+02 3.854741156101226807e-02
8.590000000000000000e+02 3.852096945047378540e-02
8.600000000000000000e+02 3.849454224109649658e-02
8.610000000000000000e+02 3.846812248229980469e-02
8.620000000000000000e+02 3.844171762466430664e-02
8.630000000000000000e+02 3.841531276702880859e-02
8.640000000000000000e+02 3.838893026113510132e-02
8.650000000000000000e+02 3.836254775524139404e-02
8.660000000000000000e+02 3.833618387579917908e-02
8.670000000000000000e+02 3.830983489751815796e-02
8.680000000000000000e+02 3.828348964452743530e-02
8.690000000000000000e+02 3.825716674327850342e-02
8.700000000000000000e+02 3.823086246848106384e-02
8.710000000000000000e+02 3.820456564426422119e-02
8.720000000000000000e+02 3.817828372120857239e-02
8.730000000000000000e+02 3.815202042460441589e-02
8.740000000000000000e+02 3.812576830387115479e-02
8.750000000000000000e+02 3.809953480958938599e-02
8.760000000000000000e+02 3.807331994175910950e-02
8.770000000000000000e+02 3.804712742567062378e-02
8.780000000000000000e+02 3.802095353603363037e-02
8.790000000000000000e+02 3.799480199813842773e-02
8.800000000000000000e+02 3.796868398785591125e-02
8.810000000000000000e+02 3.794261440634727478e-02
8.820000000000000000e+02 3.791661933064460754e-02
8.830000000000000000e+02 3.789074718952178955e-02
8.840000000000000000e+02 3.786510229110717773e-02
8.850000000000000000e+02 3.783990815281867981e-02
8.860000000000000000e+02 3.781557828187942505e-02
8.870000000000000000e+02 3.779308497905731201e-02
8.880000000000000000e+02 3.777414187788963318e-02
8.890000000000000000e+02 3.776296228170394897e-02
8.900000000000000000e+02 3.776610642671585083e-02
8.910000000000000000e+02 3.780021890997886658e-02
8.920000000000000000e+02 3.787714242935180664e-02
8.930000000000000000e+02 3.802926838397979736e-02
8.940000000000000000e+02 3.815729543566703796e-02
8.950000000000000000e+02 3.820005059242248535e-02
8.960000000000000000e+02 3.791710361838340759e-02
8.970000000000000000e+02 3.760066628456115723e-02
8.980000000000000000e+02 3.752560913562774658e-02
8.990000000000000000e+02 3.768263757228851318e-02
9.000000000000000000e+02 3.777976334095001221e-02
9.010000000000000000e+02 3.760954365134239197e-02
9.020000000000000000e+02 3.742081671953201294e-02
9.030000000000000000e+02 3.743268549442291260e-02
9.040000000000000000e+02 3.753003850579261780e-02
9.050000000000000000e+02 3.749526664614677429e-02
9.060000000000000000e+02 3.734432905912399292e-02
9.070000000000000000e+02 3.729894012212753296e-02
9.080000000000000000e+02 3.735991939902305603e-02
9.090000000000000000e+02 3.734979778528213501e-02
9.100000000000000000e+02 3.725019469857215881e-02
9.110000000000000000e+02 3.719304502010345459e-02
9.120000000000000000e+02 3.721922636032104492e-02
9.130000000000000000e+02 3.722128272056579590e-02
9.140000000000000000e+02 3.715009242296218872e-02
9.150000000000000000e+02 3.709547966718673706e-02
9.160000000000000000e+02 3.710057958960533142e-02
9.170000000000000000e+02 3.709833323955535889e-02
9.180000000000000000e+02 3.704952821135520935e-02
9.190000000000000000e+02 3.700029104948043823e-02
9.200000000000000000e+02 3.699124976992607117e-02
9.210000000000000000e+02 3.698654472827911377e-02
9.220000000000000000e+02 3.694961220026016235e-02
9.230000000000000000e+02 3.690639138221740723e-02
9.240000000000000000e+02 3.688830137252807617e-02
9.250000000000000000e+02 3.687887638807296753e-02
9.260000000000000000e+02 3.685114532709121704e-02
9.270000000000000000e+02 3.681328147649765015e-02
9.280000000000000000e+02 3.678949549794197083e-02
9.290000000000000000e+02 3.677607327699661255e-02
9.300000000000000000e+02 3.675314784049987793e-02
9.310000000000000000e+02 3.672058135271072388e-02
9.320000000000000000e+02 3.669366240501403809e-02
9.330000000000000000e+02 3.667607530951499939e-02
9.340000000000000000e+02 3.665598481893539429e-02
9.350000000000000000e+02 3.662788495421409607e-02
9.360000000000000000e+02 3.660008311271667480e-02
9.370000000000000000e+02 3.657892346382141113e-02
9.380000000000000000e+02 3.655924648046493530e-02
9.390000000000000000e+02 3.653489798307418823e-02
9.400000000000000000e+02 3.650793060660362244e-02
9.410000000000000000e+02 3.648421913385391235e-02
9.420000000000000000e+02 3.646358102560043335e-02
9.430000000000000000e+02 3.644142299890518188e-02
9.440000000000000000e+02 3.641636297106742859e-02
9.450000000000000000e+02 3.639159724116325378e-02
9.460000000000000000e+02 3.636933118104934692e-02
9.470000000000000000e+02 3.634785115718841553e-02
9.480000000000000000e+02 3.632467240095138550e-02
9.490000000000000000e+02 3.630030900239944458e-02
9.500000000000000000e+02 3.627683967351913452e-02
9.510000000000000000e+02 3.625478595495223999e-02
9.520000000000000000e+02 3.623267635703086853e-02
9.530000000000000000e+02 3.620946779847145081e-02
9.540000000000000000e+02 3.618584573268890381e-02
9.550000000000000000e+02 3.616295009851455688e-02
9.560000000000000000e+02 3.614081442356109619e-02
9.570000000000000000e+02 3.611851111054420471e-02
9.580000000000000000e+02 3.609557077288627625e-02
9.590000000000000000e+02 3.607247024774551392e-02
9.600000000000000000e+02 3.604983165860176086e-02
9.610000000000000000e+02 3.602762892842292786e-02
9.620000000000000000e+02 3.600536286830902100e-02
9.630000000000000000e+02 3.598273545503616333e-02
9.640000000000000000e+02 3.596000745892524719e-02
9.650000000000000000e+02 3.593752160668373108e-02
9.660000000000000000e+02 3.591533005237579346e-02
9.670000000000000000e+02 3.589316830039024353e-02
9.680000000000000000e+02 3.587083145976066589e-02
9.690000000000000000e+02 3.584839031100273132e-02
9.700000000000000000e+02 3.582605719566345215e-02
9.710000000000000000e+02 3.580391034483909607e-02
9.720000000000000000e+02 3.578186035156250000e-02
9.730000000000000000e+02 3.575976192951202393e-02
9.740000000000000000e+02 3.573759272694587708e-02
9.750000000000000000e+02 3.571542724967002869e-02
9.760000000000000000e+02 3.569336608052253723e-02
9.770000000000000000e+02 3.567141294479370117e-02
9.780000000000000000e+02 3.564949333667755127e-02
9.790000000000000000e+02 3.562755510210990906e-02
9.800000000000000000e+02 3.560559079051017761e-02
9.810000000000000000e+02 3.558366000652313232e-02
9.820000000000000000e+02 3.556179627776145935e-02
9.830000000000000000e+02 3.553999960422515869e-02
9.840000000000000000e+02 3.551823645830154419e-02
9.850000000000000000e+02 3.549647703766822815e-02
9.860000000000000000e+02 3.547471389174461365e-02
9.870000000000000000e+02 3.545297309756278992e-02
9.880000000000000000e+02 3.543128073215484619e-02
9.890000000000000000e+02 3.540963679552078247e-02
9.900000000000000000e+02 3.538802266120910645e-02
9.910000000000000000e+02 3.536643087863922119e-02
9.920000000000000000e+02 3.534485027194023132e-02
9.930000000000000000e+02 3.532328084111213684e-02
9.940000000000000000e+02 3.530174493789672852e-02
9.950000000000000000e+02 3.528023883700370789e-02
9.960000000000000000e+02 3.525876626372337341e-02
9.970000000000000000e+02 3.523732349276542664e-02
9.980000000000000000e+02 3.521588817238807678e-02
9.990000000000000000e+02 3.519447892904281616e-02
