0.000000000000000000e+00 1.662233769893646240e-01
1.000000000000000000e+01 1.471893340349197388e-01
2.000000000000000000e+01 1.457431316375732422e-01
3.000000000000000000e+01 1.430993080139160156e-01
4.000000000000000000e+01 1.370953321456909180e-01
5.000000000000000000e+01 1.249809935688972473e-01
6.000000000000000000e+01 1.050606295466423035e-01
7.000000000000000000e+01 9.145331382751464844e-02
8.000000000000000000e+01 8.483177423477172852e-02
9.000000000000000000e+01 8.027221262454986572e-02
1.000000000000000000e+02 7.600857317447662354e-02
1.100000000000000000e+02 7.075969874858856201e-02
1.200000000000000000e+02 6.666481494903564453e-02
1.300000000000000000e+02 6.223179399967193604e-02
1.400000000000000000e+02 5.755632370710372925e-02
1.500000000000000000e+02 5.076294764876365662e-02
1.600000000000000000e+02 4.815812036395072937e-02
1.700000000000000000e+02 4.639859497547149658e-02
1.800000000000000000e+02 4.448170959949493408e-02
1.900000000000000000e+02 4.290729761123657227e-02
2.000000000000000000e+02 3.979700803756713867e-02
2.100000000000000000e+02 3.715029358863830566e-02
2.200000000000000000e+02 3.578944504261016846e-02
2.300000000000000000e+02 3.446607664227485657e-02
2.400000000000000000e+02 3.379221633076667786e-02
2.500000000000000000e+02 3.146823123097419739e-02
2.600000000000000000e+02 2.923967689275741577e-02
2.700000000000000000e+02 2.787314541637897491e-02
2.800000000000000000e+02 2.720535174012184143e-02
2.900000000000000000e+02 2.588214352726936340e-02
