0.000000000000000000e+00 6.735321134328842163e-02
1.000000000000000000e+00 3.986152634024620056e-02
2.000000000000000000e+00 2.237122319638729095e-02
3.000000000000000000e+00 1.201393827795982361e-02
4.000000000000000000e+00 6.426659878343343735e-03
5.000000000000000000e+00 3.741280175745487213e-03
6.000000000000000000e+00 2.587108872830867767e-03
7.000000000000000000e+00 2.073918236419558525e-03
8.000000000000000000e+00 1.733814366161823273e-03
9.000000000000000000e+00 1.428213785402476788e-03
1.000000000000000000e+01 1.242642290890216827e-03
1.100000000000000000e+01 1.380293397232890129e-03
1.200000000000000000e+01 2.055495278909802437e-03
1.300000000000000000e+01 3.388898912817239761e-03
1.400000000000000000e+01 5.320952273905277252e-03
1.500000000000000000e+01 7.585153449326753616e-03
1.600000000000000000e+01 9.781236760318279266e-03
1.700000000000000000e+01 1.152136083692312241e-02
1.800000000000000000e+01 1.255660969763994217e-02
1.900000000000000000e+01 1.282069180160760880e-02
2.000000000000000000e+01 1.239956915378570557e-02
2.100000000000000000e+01 1.146812643855810165e-02
2.200000000000000000e+01 1.022780872881412506e-02
2.300000000000000000e+01 8.861752226948738098e-03
2.400000000000000000e+01 7.510941009968519211e-03
2.500000000000000000e+01 6.267779506742954254e-03
2.600000000000000000e+01 5.181066691875457764e-03
2.700000000000000000e+01 4.266508389264345169e-03
2.800000000000000000e+01 3.518344368785619736e-03
2.900000000000000000e+01 2.919464837759733200e-03
3.000000000000000000e+01 2.448903396725654602e-03
3.100000000000000000e+01 2.086635446175932884e-03
3.200000000000000000e+01 1.816082280129194260e-03
3.300000000000000000e+01 1.624908763915300369e-03
3.400000000000000000e+01 1.504654646851122379e-03
3.500000000000000000e+01 1.449644798412919044e-03
3.600000000000000000e+01 1.455551479011774063e-03
3.700000000000000000e+01 1.517914934083819389e-03
3.800000000000000000e+01 1.630888087674975395e-03
3.900000000000000000e+01 1.786412787623703480e-03
4.000000000000000000e+01 1.973959850147366524e-03
4.100000000000000000e+01 2.180877374485135078e-03
4.200000000000000000e+01 2.393280388787388802e-03
4.300000000000000000e+01 2.597324782982468605e-03
4.400000000000000000e+01 2.780623268336057663e-03
4.500000000000000000e+01 2.933564130216836929e-03
4.600000000000000000e+01 3.050260944291949272e-03
4.700000000000000000e+01 3.129020100459456444e-03
4.800000000000000000e+01 3.172233700752258301e-03
4.900000000000000000e+01 3.185732755810022354e-03
5.000000000000000000e+01 3.177710343152284622e-03
5.100000000000000000e+01 3.157425206154584885e-03
5.200000000000000000e+01 3.133817343041300774e-03
5.300000000000000000e+01 3.114294027909636497e-03
5.400000000000000000e+01 3.103820374235510826e-03
5.500000000000000000e+01 3.104437608271837234e-03
5.600000000000000000e+01 3.115270519629120827e-03
5.700000000000000000e+01 3.133008489385247231e-03
5.800000000000000000e+01 3.152734367176890373e-03
5.900000000000000000e+01 3.168972674757242203e-03
6.000000000000000000e+01 3.176747821271419525e-03
6.100000000000000000e+01 3.172466531395912170e-03
6.200000000000000000e+01 3.154482925310730934e-03
6.300000000000000000e+01 3.123274771496653557e-03
6.400000000000000000e+01 3.081244183704257011e-03
6.500000000000000000e+01 3.032213775441050529e-03
6.600000000000000000e+01 2.980741206556558609e-03
6.700000000000000000e+01 2.931389724835753441e-03
6.800000000000000000e+01 2.888078801333904266e-03
6.900000000000000000e+01 2.853601938113570213e-03
7.000000000000000000e+01 2.829371951520442963e-03
7.100000000000000000e+01 2.815392566844820976e-03
7.200000000000000000e+01 2.810440026223659515e-03
7.300000000000000000e+01 2.812392776831984520e-03
7.400000000000000000e+01 2.818635432049632072e-03
7.500000000000000000e+01 2.826487412676215172e-03
7.600000000000000000e+01 2.833565231412649155e-03
7.700000000000000000e+01 2.838059095665812492e-03
7.800000000000000000e+01 2.838886110112071037e-03
7.900000000000000000e+01 2.835714723914861679e-03
8.000000000000000000e+01 2.828902564942836761e-03
8.100000000000000000e+01 2.819320419803261757e-03
8.200000000000000000e+01 2.808170858770608902e-03
8.300000000000000000e+01 2.796759363263845444e-03
8.400000000000000000e+01 2.786315046250820160e-03
8.500000000000000000e+01 2.777836285531520844e-03
8.600000000000000000e+01 2.771994331851601601e-03
8.700000000000000000e+01 2.769092563539743423e-03
8.800000000000000000e+01 2.769073937088251114e-03
8.900000000000000000e+01 2.771575935184955597e-03
9.000000000000000000e+01 2.776000648736953735e-03
9.100000000000000000e+01 2.781599061563611031e-03
9.200000000000000000e+01 2.787561854347586632e-03
9.300000000000000000e+01 2.793092513456940651e-03
9.400000000000000000e+01 2.797474851831793785e-03
9.500000000000000000e+01 2.800111658871173859e-03
9.600000000000000000e+01 2.800560556352138519e-03
9.700000000000000000e+01 2.798539353534579277e-03
9.800000000000000000e+01 2.793931867927312851e-03
9.900000000000000000e+01 2.786774653941392899e-03
1.000000000000000000e+02 2.777238609269261360e-03
1.010000000000000000e+02 2.765608951449394226e-03
1.020000000000000000e+02 2.752251923084259033e-03
1.030000000000000000e+02 2.737589646130800247e-03
1.040000000000000000e+02 2.722071018069982529e-03
1.050000000000000000e+02 2.706140279769897461e-03
1.060000000000000000e+02 2.690213266760110855e-03
1.070000000000000000e+02 2.674653893336653709e-03
1.080000000000000000e+02 2.659754129126667976e-03
1.090000000000000000e+02 2.645728178322315216e-03
1.100000000000000000e+02 2.632699441164731979e-03
1.110000000000000000e+02 2.620705869048833847e-03
1.120000000000000000e+02 2.609700197353959084e-03
1.130000000000000000e+02 2.599567873403429985e-03
1.140000000000000000e+02 2.590141491964459419e-03
1.150000000000000000e+02 2.581218490377068520e-03
1.160000000000000000e+02 2.572589321061968803e-03
1.170000000000000000e+02 2.564056077972054482e-03
1.180000000000000000e+02 2.555455081164836884e-03
1.190000000000000000e+02 2.546678530052304268e-03
1.200000000000000000e+02 2.537691732868552208e-03
1.210000000000000000e+02 2.528541721403598785e-03
1.220000000000000000e+02 2.519367262721061707e-03
1.230000000000000000e+02 2.510393038392066956e-03
1.240000000000000000e+02 2.501932205632328987e-03
1.250000000000000000e+02 2.494373824447393417e-03
1.260000000000000000e+02 2.488170983269810677e-03
1.270000000000000000e+02 2.483822638168931007e-03
1.280000000000000000e+02 2.481854520738124847e-03
1.290000000000000000e+02 2.482802374288439751e-03
1.300000000000000000e+02 2.487190533429384232e-03
1.310000000000000000e+02 2.495519351214170456e-03
1.320000000000000000e+02 2.508248202502727509e-03
1.330000000000000000e+02 2.525788266211748123e-03
1.340000000000000000e+02 2.548495540395379066e-03
1.350000000000000000e+02 2.576677827164530754e-03
1.360000000000000000e+02 2.610597759485244751e-03
1.370000000000000000e+02 2.650484209880232811e-03
1.380000000000000000e+02 2.696550684049725533e-03
1.390000000000000000e+02 2.749002538621425629e-03
1.400000000000000000e+02 2.808055374771356583e-03
1.410000000000000000e+02 2.873939927667379379e-03
1.420000000000000000e+02 2.946911845356225967e-03
1.430000000000000000e+02 3.027241444215178490e-03
1.440000000000000000e+02 3.115210914984345436e-03
1.450000000000000000e+02 3.211099421605467796e-03
1.460000000000000000e+02 3.315167734399437904e-03
1.470000000000000000e+02 3.427629359066486359e-03
1.480000000000000000e+02 3.548642154783010483e-03
1.490000000000000000e+02 3.678280860185623169e-03
1.500000000000000000e+02 3.816528711467981339e-03
1.510000000000000000e+02 3.963271155953407288e-03
1.520000000000000000e+02 4.118294455111026764e-03
1.530000000000000000e+02 4.281293600797653198e-03
1.540000000000000000e+02 4.451893735677003860e-03
1.550000000000000000e+02 4.629665054380893707e-03
1.560000000000000000e+02 4.814150277525186539e-03
1.570000000000000000e+02 5.004885140806436539e-03
1.580000000000000000e+02 5.201412364840507507e-03
1.590000000000000000e+02 5.403299815952777863e-03
1.600000000000000000e+02 5.610128864645957947e-03
1.610000000000000000e+02 5.821496248245239258e-03
1.620000000000000000e+02 6.036988925188779831e-03
1.630000000000000000e+02 6.256162188947200775e-03
1.640000000000000000e+02 6.478520110249519348e-03
1.650000000000000000e+02 6.703494582325220108e-03
1.660000000000000000e+02 6.930423434823751450e-03
1.670000000000000000e+02 7.158564869314432144e-03
1.680000000000000000e+02 7.387104909867048264e-03
1.690000000000000000e+02 7.615176029503345490e-03
1.700000000000000000e+02 7.841894403100013733e-03
1.710000000000000000e+02 8.066390641033649445e-03
1.720000000000000000e+02 8.287857286632061005e-03
1.730000000000000000e+02 8.505553007125854492e-03
1.740000000000000000e+02 8.718830533325672150e-03
1.750000000000000000e+02 8.927121758460998535e-03
1.760000000000000000e+02 9.129947982728481293e-03
1.770000000000000000e+02 9.326874278485774994e-03
1.780000000000000000e+02 9.517511352896690369e-03
1.790000000000000000e+02 9.701469913125038147e-03
1.800000000000000000e+02 9.878372773528099060e-03
1.810000000000000000e+02 1.004785764962434769e-02
1.820000000000000000e+02 1.020958367735147476e-02
1.830000000000000000e+02 1.036326028406620026e-02
1.840000000000000000e+02 1.050867978483438492e-02
1.850000000000000000e+02 1.064573507755994797e-02
1.860000000000000000e+02 1.077444199472665787e-02
1.870000000000000000e+02 1.089494116604328156e-02
1.880000000000000000e+02 1.100749056786298752e-02
1.890000000000000000e+02 1.111244410276412964e-02
1.900000000000000000e+02 1.121023297309875488e-02
1.910000000000000000e+02 1.130130793899297714e-02
1.920000000000000000e+02 1.138614770025014877e-02
1.930000000000000000e+02 1.146521326154470444e-02
1.940000000000000000e+02 1.153894886374473572e-02
1.950000000000000000e+02 1.160779315978288651e-02
1.960000000000000000e+02 1.167218200862407684e-02
1.970000000000000000e+02 1.173255778849124908e-02
1.980000000000000000e+02 1.178938057273626328e-02
1.990000000000000000e+02 1.184314861893653870e-02
2.000000000000000000e+02 1.189437694847583771e-02
2.010000000000000000e+02 1.194359827786684036e-02
2.020000000000000000e+02 1.199134998023509979e-02
2.030000000000000000e+02 1.203813683241605759e-02
2.040000000000000000e+02 1.208444032818078995e-02
2.050000000000000000e+02 1.213068049401044846e-02
2.060000000000000000e+02 1.217720657587051392e-02
2.070000000000000000e+02 1.222433429211378098e-02
2.080000000000000000e+02 1.227231323719024658e-02
2.090000000000000000e+02 1.232136134058237076e-02
2.100000000000000000e+02 1.237167604267597198e-02
2.110000000000000000e+02 1.242343522608280182e-02
2.120000000000000000e+02 1.247680652886629105e-02
2.130000000000000000e+02 1.253194548189640045e-02
2.140000000000000000e+02 1.258899737149477005e-02
2.150000000000000000e+02 1.264807675033807755e-02
2.160000000000000000e+02 1.270924974232912064e-02
2.170000000000000000e+02 1.277258060872554779e-02
2.180000000000000000e+02 1.283806096762418747e-02
2.190000000000000000e+02 1.290565915405750275e-02
2.200000000000000000e+02 1.297533046454191208e-02
2.210000000000000000e+02 1.304699666798114777e-02
2.220000000000000000e+02 1.312055997550487518e-02
2.230000000000000000e+02 1.319595146924257278e-02
2.240000000000000000e+02 1.327306032180786133e-02
2.250000000000000000e+02 1.335178688168525696e-02
2.260000000000000000e+02 1.343204546719789505e-02
2.270000000000000000e+02 1.351370289921760559e-02
2.280000000000000000e+02 1.359663717448711395e-02
2.290000000000000000e+02 1.368071231991052628e-02
2.300000000000000000e+02 1.376577001065015793e-02
2.310000000000000000e+02 1.385165378451347351e-02
2.320000000000000000e+02 1.393820811063051224e-02
2.330000000000000000e+02 1.402527745813131332e-02
2.340000000000000000e+02 1.411269884556531906e-02
2.350000000000000000e+02 1.420034002512693405e-02
2.360000000000000000e+02 1.428805477917194366e-02
2.370000000000000000e+02 1.437569595873355865e-02
2.380000000000000000e+02 1.446313504129648209e-02
2.390000000000000000e+02 1.455024909228086472e-02
2.400000000000000000e+02 1.463690865784883499e-02
2.410000000000000000e+02 1.472298800945281982e-02
2.420000000000000000e+02 1.480836700648069382e-02
2.430000000000000000e+02 1.489293016493320465e-02
2.440000000000000000e+02 1.497659645974636078e-02
2.450000000000000000e+02 1.505926623940467834e-02
2.460000000000000000e+02 1.514086779206991196e-02
2.470000000000000000e+02 1.522133592516183853e-02
2.480000000000000000e+02 1.530061196535825729e-02
2.490000000000000000e+02 1.537865120917558670e-02
2.500000000000000000e+02 1.545542199164628983e-02
2.510000000000000000e+02 1.553088705986738205e-02
2.520000000000000000e+02 1.560502406209707260e-02
2.530000000000000000e+02 1.567782089114189148e-02
2.540000000000000000e+02 1.574926637113094330e-02
2.550000000000000000e+02 1.581937819719314575e-02
2.560000000000000000e+02 1.588816568255424500e-02
2.570000000000000000e+02 1.595566794276237488e-02
2.580000000000000000e+02 1.602190360426902771e-02
2.590000000000000000e+02 1.608690991997718811e-02
2.600000000000000000e+02 1.615072228014469147e-02
2.610000000000000000e+02 1.621338911354541779e-02
2.620000000000000000e+02 1.627495512366294861e-02
2.630000000000000000e+02 1.633546687662601471e-02
2.640000000000000000e+02 1.639496348798274994e-02
2.650000000000000000e+02 1.645351201295852661e-02
2.660000000000000000e+02 1.651115901768207550e-02
2.670000000000000000e+02 1.656795293092727661e-02
2.680000000000000000e+02 1.662395335733890533e-02
2.690000000000000000e+02 1.667921245098114014e-02
2.700000000000000000e+02 1.673378609120845795e-02
2.710000000000000000e+02 1.678771525621414185e-02
2.720000000000000000e+02 1.684104464948177338e-02
2.730000000000000000e+02 1.689381338655948639e-02
2.740000000000000000e+02 1.694605126976966858e-02
2.750000000000000000e+02 1.699778810143470764e-02
2.760000000000000000e+02 1.704906485974788666e-02
2.770000000000000000e+02 1.709989458322525024e-02
2.780000000000000000e+02 1.715030148625373840e-02
2.790000000000000000e+02 1.720030046999454498e-02
2.800000000000000000e+02 1.724990829825401306e-02
2.810000000000000000e+02 1.729911565780639648e-02
2.820000000000000000e+02 1.734793372452259064e-02
2.830000000000000000e+02 1.739634759724140167e-02
2.840000000000000000e+02 1.744435913860797882e-02
2.850000000000000000e+02 1.749194413423538208e-02
2.860000000000000000e+02 1.753909885883331299e-02
2.870000000000000000e+02 1.758580468595027924e-02
2.880000000000000000e+02 1.763204112648963928e-02
2.890000000000000000e+02 1.767777465283870697e-02
2.900000000000000000e+02 1.772298477590084076e-02
2.910000000000000000e+02 1.776763796806335449e-02
2.920000000000000000e+02 1.781169697642326355e-02
2.930000000000000000e+02 1.785512827336788177e-02
2.940000000000000000e+02 1.789789460599422455e-02
2.950000000000000000e+02 1.793996430933475494e-02
2.960000000000000000e+02 1.798129267990589142e-02
2.970000000000000000e+02 1.802184991538524628e-02
2.980000000000000000e+02 1.806160807609558105e-02
2.990000000000000000e+02 1.810052245855331421e-02
3.000000000000000000e+02 1.813854463398456573e-02
3.010000000000000000e+02 1.817564293742179871e-02
3.020000000000000000e+02 1.821178570389747620e-02
3.030000000000000000e+02 1.824693381786346436e-02
3.040000000000000000e+02 1.828106492757797241e-02
3.050000000000000000e+02 1.831414736807346344e-02
3.060000000000000000e+02 1.834614947438240051e-02
3.070000000000000000e+02 1.837704516947269440e-02
3.080000000000000000e+02 1.840680837631225586e-02
3.090000000000000000e+02 1.843542233109474182e-02
3.100000000000000000e+02 1.846285350620746613e-02
3.110000000000000000e+02 1.848909817636013031e-02
3.120000000000000000e+02 1.851413957774639130e-02
3.130000000000000000e+02 1.853796467185020447e-02
3.140000000000000000e+02 1.856056042015552521e-02
3.150000000000000000e+02 1.858192123472690582e-02
3.160000000000000000e+02 1.860204525291919708e-02
3.170000000000000000e+02 1.862092502415180206e-02
3.180000000000000000e+02 1.863856427371501923e-02
3.190000000000000000e+02 1.865496113896369934e-02
3.200000000000000000e+02 1.867011934518814087e-02
3.210000000000000000e+02 1.868406124413013458e-02
3.220000000000000000e+02 1.869678311049938202e-02
3.230000000000000000e+02 1.870829984545707703e-02
3.240000000000000000e+02 1.871863380074501038e-02
3.250000000000000000e+02 1.872778311371803284e-02
3.260000000000000000e+02 1.873577758669853210e-02
3.270000000000000000e+02 1.874263398349285126e-02
3.280000000000000000e+02 1.874837279319763184e-02
3.290000000000000000e+02 1.875301450490951538e-02
3.300000000000000000e+02 1.875659450888633728e-02
3.310000000000000000e+02 1.875912770628929138e-02
3.320000000000000000e+02 1.876064203679561615e-02
3.330000000000000000e+02 1.876117289066314697e-02
3.340000000000000000e+02 1.876073889434337616e-02
3.350000000000000000e+02 1.875936612486839294e-02
3.360000000000000000e+02 1.875709183514118195e-02
3.370000000000000000e+02 1.875394955277442932e-02
3.380000000000000000e+02 1.874996908009052277e-02
3.390000000000000000e+02 1.874518021941184998e-02
3.400000000000000000e+02 1.873960904777050018e-02
3.410000000000000000e+02 1.873330026865005493e-02
3.420000000000000000e+02 1.872627064585685730e-02
3.430000000000000000e+02 1.871855184435844421e-02
3.440000000000000000e+02 1.871016621589660645e-02
3.450000000000000000e+02 1.870116218924522400e-02
3.460000000000000000e+02 1.869156211614608765e-02
3.470000000000000000e+02 1.868140883743762970e-02
3.480000000000000000e+02 1.867071352899074554e-02
3.490000000000000000e+02 1.865950971841812134e-02
3.500000000000000000e+02 1.864781603217124939e-02
3.510000000000000000e+02 1.863566040992736816e-02
3.520000000000000000e+02 1.862307265400886536e-02
3.530000000000000000e+02 1.861007697880268097e-02
3.540000000000000000e+02 1.859669759869575500e-02
3.550000000000000000e+02 1.858294568955898285e-02
3.560000000000000000e+02 1.856885291635990143e-02
3.570000000000000000e+02 1.855443790555000305e-02
3.580000000000000000e+02 1.853972114622592926e-02
3.590000000000000000e+02 1.852472685277462006e-02
3.600000000000000000e+02 1.850946247577667236e-02
3.610000000000000000e+02 1.849394105374813080e-02
3.620000000000000000e+02 1.847818866372108459e-02
3.630000000000000000e+02 1.846222020685672760e-02
3.640000000000000000e+02 1.844605617225170135e-02
3.650000000000000000e+02 1.842970959842205048e-02
3.660000000000000000e+02 1.841319724917411804e-02
3.670000000000000000e+02 1.839652098715305328e-02
3.680000000000000000e+02 1.837970875203609467e-02
3.690000000000000000e+02 1.836276985704898834e-02
3.700000000000000000e+02 1.834572292864322662e-02
3.710000000000000000e+02 1.832858286798000336e-02
3.720000000000000000e+02 1.831136085093021393e-02
3.730000000000000000e+02 1.829407364130020142e-02
3.740000000000000000e+02 1.827673427760601044e-02
3.750000000000000000e+02 1.825936324894428253e-02
3.760000000000000000e+02 1.824197173118591309e-02
3.770000000000000000e+02 1.822457090020179749e-02
3.780000000000000000e+02 1.820718124508857727e-02
3.790000000000000000e+02 1.818981021642684937e-02
3.800000000000000000e+02 1.817248761653900146e-02
3.810000000000000000e+02 1.815521717071533203e-02
3.820000000000000000e+02 1.813801564276218414e-02
3.830000000000000000e+02 1.812090910971164703e-02
3.840000000000000000e+02 1.810390129685401917e-02
3.850000000000000000e+02 1.808699779212474823e-02
3.860000000000000000e+02 1.807022094726562500e-02
3.870000000000000000e+02 1.805357821285724640e-02
3.880000000000000000e+02 1.803708635270595551e-02
3.890000000000000000e+02 1.802076399326324463e-02
3.900000000000000000e+02 1.800462231040000916e-02
3.910000000000000000e+02 1.798865571618080139e-02
3.920000000000000000e+02 1.797288842499256134e-02
3.930000000000000000e+02 1.795730926096439362e-02
3.940000000000000000e+02 1.794194057583808899e-02
3.950000000000000000e+02 1.792678609490394592e-02
3.960000000000000000e+02 1.791185140609741211e-02
3.970000000000000000e+02 1.789714209735393524e-02
3.980000000000000000e+02 1.788265630602836609e-02
3.990000000000000000e+02 1.786839775741100311e-02
4.000000000000000000e+02 1.785435341298580170e-02
4.010000000000000000e+02 1.784054376184940338e-02
4.020000000000000000e+02 1.782695762813091278e-02
4.030000000000000000e+02 1.781359314918518066e-02
4.040000000000000000e+02 1.780044659972190857e-02
4.050000000000000000e+02 1.778751052916049957e-02
4.060000000000000000e+02 1.777478493750095367e-02
4.070000000000000000e+02 1.776226051151752472e-02
4.080000000000000000e+02 1.774992980062961578e-02
4.090000000000000000e+02 1.773778349161148071e-02
4.100000000000000000e+02 1.772581227123737335e-02
4.110000000000000000e+02 1.771400682628154755e-02
4.120000000000000000e+02 1.770236343145370483e-02
4.130000000000000000e+02 1.769086904823780060e-02
4.140000000000000000e+02 1.767950877547264099e-02
4.150000000000000000e+02 1.766826957464218140e-02
4.160000000000000000e+02 1.765713468194007874e-02
4.170000000000000000e+02 1.764610037207603455e-02
4.180000000000000000e+02 1.763515733182430267e-02
4.190000000000000000e+02 1.762428507208824158e-02
4.200000000000000000e+02 1.761346496641635895e-02
4.210000000000000000e+02 1.760268770158290863e-02
4.220000000000000000e+02 1.759192720055580139e-02
4.230000000000000000e+02 1.758118532598018646e-02
4.240000000000000000e+02 1.757044531404972076e-02
4.250000000000000000e+02 1.755968481302261353e-02
4.260000000000000000e+02 1.754889450967311859e-02
4.270000000000000000e+02 1.753804646432399750e-02
4.280000000000000000e+02 1.752712950110435486e-02
4.290000000000000000e+02 1.751613244414329529e-02
4.300000000000000000e+02 1.750504411756992340e-02
4.310000000000000000e+02 1.749383658170700073e-02
4.320000000000000000e+02 1.748250052332878113e-02
4.330000000000000000e+02 1.747102104127407074e-02
4.340000000000000000e+02 1.745937392115592957e-02
4.350000000000000000e+02 1.744755171239376068e-02
4.360000000000000000e+02 1.743553020060062408e-02
4.370000000000000000e+02 1.742329448461532593e-02
4.380000000000000000e+02 1.741083711385726929e-02
4.390000000000000000e+02 1.739814318716526031e-02
4.400000000000000000e+02 1.738519221544265747e-02
4.410000000000000000e+02 1.737197116017341614e-02
4.420000000000000000e+02 1.735845580697059631e-02
4.430000000000000000e+02 1.734464615583419800e-02
4.440000000000000000e+02 1.733052358031272888e-02
4.450000000000000000e+02 1.731607690453529358e-02
4.460000000000000000e+02 1.730129495263099670e-02
4.470000000000000000e+02 1.728615351021289825e-02
4.480000000000000000e+02 1.727066189050674438e-02
4.490000000000000000e+02 1.725480146706104279e-02
4.500000000000000000e+02 1.723855920135974884e-02
4.510000000000000000e+02 1.722192019224166870e-02
4.520000000000000000e+02 1.720489189028739929e-02
4.530000000000000000e+02 1.718745194375514984e-02
4.540000000000000000e+02 1.716960407793521881e-02
4.550000000000000000e+02 1.715133525431156158e-02
4.560000000000000000e+02 1.713264361023902893e-02
4.570000000000000000e+02 1.711353473365306854e-02
4.580000000000000000e+02 1.709400489926338196e-02
4.590000000000000000e+02 1.707404106855392456e-02
4.600000000000000000e+02 1.705364510416984558e-02
4.610000000000000000e+02 1.703282818198204041e-02
4.620000000000000000e+02 1.701159402728080750e-02
4.630000000000000000e+02 1.698994264006614685e-02
4.640000000000000000e+02 1.696787774562835693e-02
4.650000000000000000e+02 1.694539934396743774e-02
4.660000000000000000e+02 1.692252606153488159e-02
4.670000000000000000e+02 1.689926721155643463e-02
4.680000000000000000e+02 1.687563396990299225e-02
4.690000000000000000e+02 1.685162074863910675e-02
4.700000000000000000e+02 1.682724989950656891e-02
4.710000000000000000e+02 1.680253632366657257e-02
4.720000000000000000e+02 1.677748933434486389e-02
4.730000000000000000e+02 1.675212942063808441e-02
4.740000000000000000e+02 1.672646589577198029e-02
4.750000000000000000e+02 1.670051366090774536e-02
4.760000000000000000e+02 1.667428761720657349e-02
4.770000000000000000e+02 1.664779521524906158e-02
4.780000000000000000e+02 1.662105880677700043e-02
4.790000000000000000e+02 1.659410260617733002e-02
4.800000000000000000e+02 1.656693965196609497e-02
4.810000000000000000e+02 1.653957553207874298e-02
4.820000000000000000e+02 1.651202328503131866e-02
4.830000000000000000e+02 1.648429967463016510e-02
4.840000000000000000e+02 1.645643077790737152e-02
4.850000000000000000e+02 1.642842777073383331e-02
4.860000000000000000e+02 1.640030555427074432e-02
4.870000000000000000e+02 1.637206412851810455e-02
4.880000000000000000e+02 1.634373329579830170e-02
4.890000000000000000e+02 1.631532795727252960e-02
4.900000000000000000e+02 1.628684811294078827e-02
4.910000000000000000e+02 1.625830866396427155e-02
4.920000000000000000e+02 1.622973755002021790e-02
4.930000000000000000e+02 1.620114594697952271e-02
4.940000000000000000e+02 1.617253944277763367e-02
4.950000000000000000e+02 1.614392735064029694e-02
4.960000000000000000e+02 1.611532457172870636e-02
4.970000000000000000e+02 1.608675718307495117e-02
4.980000000000000000e+02 1.605824194848537445e-02
4.990000000000000000e+02 1.602977700531482697e-02
5.000000000000000000e+02 1.600137352943420410e-02
5.010000000000000000e+02 1.597306318581104279e-02
5.020000000000000000e+02 1.594485528767108917e-02
5.030000000000000000e+02 1.591675356030464172e-02
5.040000000000000000e+02 1.588878221809864044e-02
5.050000000000000000e+02 1.586094684898853302e-02
5.060000000000000000e+02 1.583326980471611023e-02
5.070000000000000000e+02 1.580575667321681976e-02
5.080000000000000000e+02 1.577841676771640778e-02
5.090000000000000000e+02 1.575126312673091888e-02
5.100000000000000000e+02 1.572429947555065155e-02
5.110000000000000000e+02 1.569754444062709808e-02
5.120000000000000000e+02 1.567099988460540771e-02
5.130000000000000000e+02 1.564468257129192352e-02
5.140000000000000000e+02 1.561858970671892166e-02
5.150000000000000000e+02 1.559271849691867828e-02
5.160000000000000000e+02 1.556706614792346954e-02
5.170000000000000000e+02 1.554164756089448929e-02
5.180000000000000000e+02 1.551646366715431213e-02
5.190000000000000000e+02 1.549150608479976654e-02
5.200000000000000000e+02 1.546675991266965866e-02
5.210000000000000000e+02 1.544223353266716003e-02
5.220000000000000000e+02 1.541792601346969604e-02
5.230000000000000000e+02 1.539382711052894592e-02
5.240000000000000000e+02 1.536992657929658890e-02
5.250000000000000000e+02 1.534621417522430420e-02
5.260000000000000000e+02 1.532270107418298721e-02
5.270000000000000000e+02 1.529937330633401871e-02
5.280000000000000000e+02 1.527620665729045868e-02
5.290000000000000000e+02 1.525320671498775482e-02
5.300000000000000000e+02 1.523038186132907867e-02
5.310000000000000000e+02 1.520771812647581100e-02
5.320000000000000000e+02 1.518520154058933258e-02
5.330000000000000000e+02 1.516282651573419571e-02
5.340000000000000000e+02 1.514060236513614655e-02
5.350000000000000000e+02 1.511853281408548355e-02
5.360000000000000000e+02 1.509658712893724442e-02
5.370000000000000000e+02 1.507475785911083221e-02
5.380000000000000000e+02 1.505306549370288849e-02
5.390000000000000000e+02 1.503150723874568939e-02
5.400000000000000000e+02 1.501005236059427261e-02
5.410000000000000000e+02 1.498869713395833969e-02
5.420000000000000000e+02 1.496745273470878601e-02
5.430000000000000000e+02 1.494632288813591003e-02
5.440000000000000000e+02 1.492527127265930176e-02
5.450000000000000000e+02 1.490429788827896118e-02
5.460000000000000000e+02 1.488340739160776138e-02
5.470000000000000000e+02 1.486259140074253082e-02
5.480000000000000000e+02 1.484182849526405334e-02
5.490000000000000000e+02 1.482110004872083664e-02
5.500000000000000000e+02 1.480040606111288071e-02
5.510000000000000000e+02 1.477973442524671555e-02
5.520000000000000000e+02 1.475908141583204269e-02
5.530000000000000000e+02 1.473842188715934753e-02
5.540000000000000000e+02 1.471774466335773468e-02
5.550000000000000000e+02 1.469704695045948029e-02
5.560000000000000000e+02 1.467630080878734589e-02
5.570000000000000000e+02 1.465549506247043610e-02
5.580000000000000000e+02 1.463463064283132553e-02
5.590000000000000000e+02 1.461370289325714111e-02
5.600000000000000000e+02 1.459268573671579361e-02
5.610000000000000000e+02 1.457156985998153687e-02
5.620000000000000000e+02 1.455035712569952011e-02
5.630000000000000000e+02 1.452904380857944489e-02
5.640000000000000000e+02 1.450760569423437119e-02
5.650000000000000000e+02 1.448604464530944824e-02
5.660000000000000000e+02 1.446436997503042221e-02
5.670000000000000000e+02 1.444257050752639771e-02
5.680000000000000000e+02 1.442063879221677780e-02
5.690000000000000000e+02 1.439855992794036865e-02
5.700000000000000000e+02 1.437634415924549103e-02
5.710000000000000000e+02 1.435400359332561493e-02
5.720000000000000000e+02 1.433153264224529266e-02
5.730000000000000000e+02 1.430891174823045731e-02
5.740000000000000000e+02 1.428614836186170578e-02
5.750000000000000000e+02 1.426324900239706039e-02
5.760000000000000000e+02 1.424021460115909576e-02
5.770000000000000000e+02 1.421704143285751343e-02
5.780000000000000000e+02 1.419372577220201492e-02
5.790000000000000000e+02 1.417027413845062256e-02
5.800000000000000000e+02 1.414669025689363480e-02
5.810000000000000000e+02 1.412296760827302933e-02
5.820000000000000000e+02 1.409911550581455231e-02
5.830000000000000000e+02 1.407513581216335297e-02
5.840000000000000000e+02 1.405102107673883438e-02
5.850000000000000000e+02 1.402678713202476501e-02
5.860000000000000000e+02 1.400242745876312256e-02
5.870000000000000000e+02 1.397795043885707855e-02
5.880000000000000000e+02 1.395336631685495377e-02
5.890000000000000000e+02 1.392866577953100204e-02
5.900000000000000000e+02 1.390386279672384262e-02
5.910000000000000000e+02 1.387895271182060242e-02
5.920000000000000000e+02 1.385394390672445297e-02
5.930000000000000000e+02 1.382885128259658813e-02
5.940000000000000000e+02 1.380367297679185867e-02
5.950000000000000000e+02 1.377841364592313766e-02
5.960000000000000000e+02 1.375306770205497742e-02
5.970000000000000000e+02 1.372765563428401947e-02
5.980000000000000000e+02 1.370217371731996536e-02
5.990000000000000000e+02 1.367663592100143433e-02
6.000000000000000000e+02 1.365104317665100098e-02
6.010000000000000000e+02 1.362539641559123993e-02
6.020000000000000000e+02 1.359970308840274811e-02
6.030000000000000000e+02 1.357397157698869705e-02
6.040000000000000000e+02 1.354819815605878830e-02
6.050000000000000000e+02 1.352238748222589493e-02
6.060000000000000000e+02 1.349656097590923309e-02
6.070000000000000000e+02 1.347070001065731049e-02
6.080000000000000000e+02 1.344481576234102249e-02
6.090000000000000000e+02 1.341892220079898834e-02
6.100000000000000000e+02 1.339302957057952881e-02
6.110000000000000000e+02 1.336711551994085312e-02
6.120000000000000000e+02 1.334118098020553589e-02
6.130000000000000000e+02 1.331526041030883789e-02
6.140000000000000000e+02 1.328934542834758759e-02
6.150000000000000000e+02 1.326343510299921036e-02
6.160000000000000000e+02 1.323753315955400467e-02
6.170000000000000000e+02 1.321164704859256744e-02
6.180000000000000000e+02 1.318576838821172714e-02
6.190000000000000000e+02 1.315990928560495377e-02
6.200000000000000000e+02 1.313407998532056808e-02
6.210000000000000000e+02 1.310828048735857010e-02
6.220000000000000000e+02 1.308249402791261673e-02
6.230000000000000000e+02 1.305674389004707336e-02
6.240000000000000000e+02 1.303103100508451462e-02
6.250000000000000000e+02 1.300536282360553741e-02
6.260000000000000000e+02 1.297972630709409714e-02
6.270000000000000000e+02 1.295414101332426071e-02
6.280000000000000000e+02 1.292861998081207275e-02
6.290000000000000000e+02 1.290314178913831711e-02
6.300000000000000000e+02 1.287772227078676224e-02
6.310000000000000000e+02 1.285237167030572891e-02
6.320000000000000000e+02 1.282709836959838867e-02
6.330000000000000000e+02 1.280188001692295074e-02
6.340000000000000000e+02 1.277674734592437744e-02
6.350000000000000000e+02 1.275169476866722107e-02
6.360000000000000000e+02 1.272672135382890701e-02
6.370000000000000000e+02 1.270183455199003220e-02
6.380000000000000000e+02 1.267705205827951431e-02
6.390000000000000000e+02 1.265236362814903259e-02
6.400000000000000000e+02 1.262777391821146011e-02
6.410000000000000000e+02 1.260330248624086380e-02
6.420000000000000000e+02 1.257894840091466904e-02
6.430000000000000000e+02 1.255472190678119659e-02
6.440000000000000000e+02 1.253061089664697647e-02
6.450000000000000000e+02 1.250663399696350098e-02
6.460000000000000000e+02 1.248280052095651627e-02
6.470000000000000000e+02 1.245910674333572388e-02
6.480000000000000000e+02 1.243555266410112381e-02
6.490000000000000000e+02 1.241216994822025299e-02
6.500000000000000000e+02 1.238893344998359680e-02
6.510000000000000000e+02 1.236585434526205063e-02
6.520000000000000000e+02 1.234295777976512909e-02
6.530000000000000000e+02 1.232024189084768295e-02
6.540000000000000000e+02 1.229770388454198837e-02
6.550000000000000000e+02 1.227533351629972458e-02
6.560000000000000000e+02 1.225318759679794312e-02
6.570000000000000000e+02 1.223124098032712936e-02
6.580000000000000000e+02 1.220946945250034332e-02
6.590000000000000000e+02 1.218791864812374115e-02
6.600000000000000000e+02 1.216658949851989746e-02
6.610000000000000000e+02 1.214545220136642456e-02
6.620000000000000000e+02 1.212452724575996399e-02
6.630000000000000000e+02 1.210385095328092575e-02
6.640000000000000000e+02 1.208340283483266830e-02
6.650000000000000000e+02 1.206313632428646088e-02
6.660000000000000000e+02 1.204312220215797424e-02
6.670000000000000000e+02 1.202336791902780533e-02
6.680000000000000000e+02 1.200381293892860413e-02
6.690000000000000000e+02 1.198448706418275833e-02
6.700000000000000000e+02 1.196541823446750641e-02
6.710000000000000000e+02 1.194658689200878143e-02
6.720000000000000000e+02 1.192795857787132263e-02
6.730000000000000000e+02 1.190958265215158463e-02
6.740000000000000000e+02 1.189145259559154510e-02
6.750000000000000000e+02 1.187351439148187637e-02
6.760000000000000000e+02 1.185581833124160767e-02
6.770000000000000000e+02 1.183836534619331360e-02
6.780000000000000000e+02 1.182111259549856186e-02
6.790000000000000000e+02 1.180408056825399399e-02
6.800000000000000000e+02 1.178728695958852768e-02
6.810000000000000000e+02 1.177068985998630524e-02
6.820000000000000000e+02 1.175429485738277435e-02
6.830000000000000000e+02 1.173811964690685272e-02
6.840000000000000000e+02 1.172214001417160034e-02
6.850000000000000000e+02 1.170633919537067413e-02
6.860000000000000000e+02 1.169072091579437256e-02
6.870000000000000000e+02 1.167530007660388947e-02
6.880000000000000000e+02 1.166005060076713562e-02
6.890000000000000000e+02 1.164496596902608871e-02
6.900000000000000000e+02 1.163004711270332336e-02
6.910000000000000000e+02 1.161530148237943649e-02
6.920000000000000000e+02 1.160069648176431656e-02
6.930000000000000000e+02 1.158624514937400818e-02
6.940000000000000000e+02 1.157194003462791443e-02
6.950000000000000000e+02 1.155776809900999069e-02
6.960000000000000000e+02 1.154371351003646851e-02
6.970000000000000000e+02 1.152979955077171326e-02
6.980000000000000000e+02 1.151599083095788956e-02
6.990000000000000000e+02 1.150230132043361664e-02
7.000000000000000000e+02 1.148871984332799911e-02
7.010000000000000000e+02 1.147523708641529083e-02
7.020000000000000000e+02 1.146185956895351410e-02
7.030000000000000000e+02 1.144858170300722122e-02
7.040000000000000000e+02 1.143538486212491989e-02
7.050000000000000000e+02 1.142228301614522934e-02
7.060000000000000000e+02 1.140925288200378418e-02
7.070000000000000000e+02 1.139629818499088287e-02
7.080000000000000000e+02 1.138341613113880157e-02
7.090000000000000000e+02 1.137061789631843567e-02
7.100000000000000000e+02 1.135788578540086746e-02
7.110000000000000000e+02 1.134521793574094772e-02
7.120000000000000000e+02 1.133260875940322876e-02
7.130000000000000000e+02 1.132006943225860596e-02
7.140000000000000000e+02 1.130757853388786316e-02
7.150000000000000000e+02 1.129515189677476883e-02
7.160000000000000000e+02 1.128277741372585297e-02
7.170000000000000000e+02 1.127046160399913788e-02
7.180000000000000000e+02 1.125820260494947433e-02
7.190000000000000000e+02 1.124599110335111618e-02
7.200000000000000000e+02 1.123383082449436188e-02
7.210000000000000000e+02 1.122171059250831604e-02
7.220000000000000000e+02 1.120966020971536636e-02
7.230000000000000000e+02 1.119763962924480438e-02
7.240000000000000000e+02 1.118567772209644318e-02
7.250000000000000000e+02 1.117377821356058121e-02
7.260000000000000000e+02 1.116191036999225616e-02
7.270000000000000000e+02 1.115008816123008728e-02
7.280000000000000000e+02 1.113834232091903687e-02
7.290000000000000000e+02 1.112661417573690414e-02
7.300000000000000000e+02 1.111494097858667374e-02
7.310000000000000000e+02 1.110332924872636795e-02
7.320000000000000000e+02 1.109174825251102448e-02
7.330000000000000000e+02 1.108022313565015793e-02
7.340000000000000000e+02 1.106875855475664139e-02
7.350000000000000000e+02 1.105732191354036331e-02
7.360000000000000000e+02 1.104594580829143524e-02
7.370000000000000000e+02 1.103463955223560333e-02
7.380000000000000000e+02 1.102335471659898758e-02
7.390000000000000000e+02 1.101212203502655029e-02
7.400000000000000000e+02 1.100096851587295532e-02
7.410000000000000000e+02 1.098983734846115112e-02
7.420000000000000000e+02 1.097876299172639847e-02
7.430000000000000000e+02 1.096774544566869736e-02
7.440000000000000000e+02 1.095677167177200317e-02
7.450000000000000000e+02 1.094585284590721130e-02
7.460000000000000000e+02 1.093498338013887405e-02
7.470000000000000000e+02 1.092416327446699142e-02
7.480000000000000000e+02 1.091339718550443649e-02
7.490000000000000000e+02 1.090267486870288849e-02
7.500000000000000000e+02 1.089200749993324280e-02
7.510000000000000000e+02 1.088139042258262634e-02
7.520000000000000000e+02 1.087080966681241989e-02
7.530000000000000000e+02 1.086029876023530960e-02
7.540000000000000000e+02 1.084982883185148239e-02
7.550000000000000000e+02 1.083940360695123672e-02
7.560000000000000000e+02 1.082903519272804260e-02
7.570000000000000000e+02 1.081869471818208694e-02
7.580000000000000000e+02 1.080840919166803360e-02
7.590000000000000000e+02 1.079817954450845718e-02
7.600000000000000000e+02 1.078797318041324615e-02
7.610000000000000000e+02 1.077781524509191513e-02
7.620000000000000000e+02 1.076770760118961334e-02
7.630000000000000000e+02 1.075761765241622925e-02
7.640000000000000000e+02 1.074758265167474747e-02
7.650000000000000000e+02 1.073758210986852646e-02
7.660000000000000000e+02 1.072761695832014084e-02
7.670000000000000000e+02 1.071768719702959061e-02
7.680000000000000000e+02 1.070778071880340576e-02
7.690000000000000000e+02 1.069791894406080246e-02
7.700000000000000000e+02 1.068807672709226608e-02
7.710000000000000000e+02 1.067825779318809509e-02
7.720000000000000000e+02 1.066846866160631180e-02
7.730000000000000000e+02 1.065868884325027466e-02
7.740000000000000000e+02 1.064895279705524445e-02
7.750000000000000000e+02 1.063921581953763962e-02
7.760000000000000000e+02 1.062948815524578094e-02
7.770000000000000000e+02 1.061980333179235458e-02
7.780000000000000000e+02 1.061009708791971207e-02
7.790000000000000000e+02 1.060040295124053955e-02
7.800000000000000000e+02 1.059073396027088165e-02
7.810000000000000000e+02 1.058104727417230606e-02
7.820000000000000000e+02 1.057136151939630508e-02
7.830000000000000000e+02 1.056168694049119949e-02
7.840000000000000000e+02 1.055199746042490005e-02
7.850000000000000000e+02 1.054231170564889908e-02
7.860000000000000000e+02 1.053262129426002502e-02
7.870000000000000000e+02 1.052289921790361404e-02
7.880000000000000000e+02 1.051318831741809845e-02
7.890000000000000000e+02 1.050345227122306824e-02
7.900000000000000000e+02 1.049368456006050110e-02
7.910000000000000000e+02 1.048391126096248627e-02
7.920000000000000000e+02 1.047410815954208374e-02
7.930000000000000000e+02 1.046427153050899506e-02
7.940000000000000000e+02 1.045442838221788406e-02
7.950000000000000000e+02 1.044455263763666153e-02
7.960000000000000000e+02 1.043464615941047668e-02
7.970000000000000000e+02 1.042473129928112030e-02
7.980000000000000000e+02 1.041475683450698853e-02
7.990000000000000000e+02 1.040475722402334213e-02
8.000000000000000000e+02 1.039473526179790497e-02
8.010000000000000000e+02 1.038465742021799088e-02
8.020000000000000000e+02 1.037455722689628601e-02
8.030000000000000000e+02 1.036442071199417114e-02
8.040000000000000000e+02 1.035424694418907166e-02
8.050000000000000000e+02 1.034404337406158447e-02
8.060000000000000000e+02 1.033380255103111267e-02
8.070000000000000000e+02 1.032352074980735779e-02
8.080000000000000000e+02 1.031321566551923752e-02
8.090000000000000000e+02 1.030285377055406570e-02
8.100000000000000000e+02 1.029247790575027466e-02
8.110000000000000000e+02 1.028206013143062592e-02
8.120000000000000000e+02 1.027160603553056717e-02
8.130000000000000000e+02 1.026113796979188919e-02
8.140000000000000000e+02 1.025061588734388351e-02
8.150000000000000000e+02 1.024007424712181091e-02
8.160000000000000000e+02 1.022951677441596985e-02
8.170000000000000000e+02 1.021890714764595032e-02
8.180000000000000000e+02 1.020829752087593079e-02
8.190000000000000000e+02 1.019765529781579971e-02
8.200000000000000000e+02 1.018699444830417633e-02
8.210000000000000000e+02 1.017632801085710526e-02
8.220000000000000000e+02 1.016562897711992264e-02
8.230000000000000000e+02 1.015492808073759079e-02
8.240000000000000000e+02 1.014421228319406509e-02
8.250000000000000000e+02 1.013348717242479324e-02
8.260000000000000000e+02 1.012276113033294678e-02
8.270000000000000000e+02 1.011202391237020493e-02
8.280000000000000000e+02 1.010129414498806000e-02
8.290000000000000000e+02 1.009056158363819122e-02
8.300000000000000000e+02 1.007984392344951630e-02
8.310000000000000000e+02 1.006913557648658752e-02
8.320000000000000000e+02 1.005842164158821106e-02
8.330000000000000000e+02 1.004774775356054306e-02
8.340000000000000000e+02 1.003707293421030045e-02
8.350000000000000000e+02 1.002642791718244553e-02
8.360000000000000000e+02 1.001580432057380676e-02
8.370000000000000000e+02 1.000519935041666031e-02
8.380000000000000000e+02 9.994630701839923859e-03
8.390000000000000000e+02 9.984096512198448181e-03
8.400000000000000000e+02 9.973590262234210968e-03
8.410000000000000000e+02 9.963139891624450684e-03
8.420000000000000000e+02 9.952696040272712708e-03
8.430000000000000000e+02 9.942325763404369354e-03
8.440000000000000000e+02 9.931981563568115234e-03
8.450000000000000000e+02 9.921682067215442657e-03
8.460000000000000000e+02 9.911442175507545471e-03
8.470000000000000000e+02 9.901252575218677521e-03
8.480000000000000000e+02 9.891113266348838806e-03
8.490000000000000000e+02 9.881013073027133942e-03
8.500000000000000000e+02 9.870987385511398315e-03
8.510000000000000000e+02 9.861008264124393463e-03
8.520000000000000000e+02 9.851080365478992462e-03
8.530000000000000000e+02 9.841225109994411469e-03
8.540000000000000000e+02 9.831424802541732788e-03
8.550000000000000000e+02 9.821671061217784882e-03
8.560000000000000000e+02 9.811988100409507751e-03
8.570000000000000000e+02 9.802353568375110626e-03
8.580000000000000000e+02 9.792783297598361969e-03
8.590000000000000000e+02 9.783284738659858704e-03
8.600000000000000000e+02 9.773833677172660828e-03
8.610000000000000000e+02 9.764445945620536804e-03
8.620000000000000000e+02 9.755116887390613556e-03
8.630000000000000000e+02 9.745837189257144928e-03
8.640000000000000000e+02 9.736607782542705536e-03
8.650000000000000000e+02 9.727439843118190765e-03
8.660000000000000000e+02 9.718323126435279846e-03
8.670000000000000000e+02 9.709256701171398163e-03
8.680000000000000000e+02 9.700248017907142639e-03
8.690000000000000000e+02 9.691284038126468658e-03
8.700000000000000000e+02 9.682359173893928528e-03
8.710000000000000000e+02 9.673477150499820709e-03
8.720000000000000000e+02 9.664633311331272125e-03
8.730000000000000000e+02 9.655831381678581238e-03
8.740000000000000000e+02 9.647066704928874969e-03
8.750000000000000000e+02 9.638329036533832550e-03
8.760000000000000000e+02 9.629635140299797058e-03
8.770000000000000000e+02 9.620958939194679260e-03
8.780000000000000000e+02 9.612334892153739929e-03
8.790000000000000000e+02 9.603700600564479828e-03
8.800000000000000000e+02 9.595114737749099731e-03
8.810000000000000000e+02 9.586535394191741943e-03
8.820000000000000000e+02 9.577957913279533386e-03
8.830000000000000000e+02 9.569424204528331757e-03
8.840000000000000000e+02 9.560879319906234741e-03
8.850000000000000000e+02 9.552362374961376190e-03
8.860000000000000000e+02 9.543838910758495331e-03
8.870000000000000000e+02 9.535335004329681396e-03
8.880000000000000000e+02 9.526812471449375153e-03
8.890000000000000000e+02 9.518303908407688141e-03
8.900000000000000000e+02 9.509797208011150360e-03
8.910000000000000000e+02 9.501266293227672577e-03
8.920000000000000000e+02 9.492763318121433258e-03
8.930000000000000000e+02 9.484224952757358551e-03
8.940000000000000000e+02 9.475696831941604614e-03
8.950000000000000000e+02 9.467146359384059906e-03
8.960000000000000000e+02 9.458602406084537506e-03
8.970000000000000000e+02 9.450031444430351257e-03
8.980000000000000000e+02 9.441455826163291931e-03
8.990000000000000000e+02 9.432858787477016449e-03
9.000000000000000000e+02 9.424243122339248657e-03
9.010000000000000000e+02 9.415615350008010864e-03
9.020000000000000000e+02 9.406970813870429993e-03
9.030000000000000000e+02 9.398311376571655273e-03
9.040000000000000000e+02 9.389626793563365936e-03
9.050000000000000000e+02 9.380934759974479675e-03
9.060000000000000000e+02 9.372211061418056488e-03
9.070000000000000000e+02 9.363477118313312531e-03
9.080000000000000000e+02 9.354716166853904724e-03
9.090000000000000000e+02 9.345929138362407684e-03
9.100000000000000000e+02 9.337130934000015259e-03
9.110000000000000000e+02 9.328312240540981293e-03
9.120000000000000000e+02 9.319466538727283478e-03
9.130000000000000000e+02 9.310623630881309509e-03
9.140000000000000000e+02 9.301742538809776306e-03
9.150000000000000000e+02 9.292845614254474640e-03
9.160000000000000000e+02 9.283943101763725281e-03
9.170000000000000000e+02 9.274992160499095917e-03
9.180000000000000000e+02 9.266032837331295013e-03
9.190000000000000000e+02 9.257053956389427185e-03
9.200000000000000000e+02 9.248045273125171661e-03
9.210000000000000000e+02 9.239034727215766907e-03
9.220000000000000000e+02 9.230013936758041382e-03
9.230000000000000000e+02 9.220951236784458160e-03
9.240000000000000000e+02 9.211903437972068787e-03
9.250000000000000000e+02 9.202801622450351715e-03
9.260000000000000000e+02 9.193694218993186951e-03
9.270000000000000000e+02 9.184561669826507568e-03
9.280000000000000000e+02 9.175442159175872803e-03
9.290000000000000000e+02 9.166259318590164185e-03
9.300000000000000000e+02 9.157131426036357880e-03
9.310000000000000000e+02 9.147901087999343872e-03
9.320000000000000000e+02 9.138744324445724487e-03
9.330000000000000000e+02 9.129466488957405090e-03
9.340000000000000000e+02 9.120289236307144165e-03
9.350000000000000000e+02 9.110960178077220917e-03
9.360000000000000000e+02 9.101806208491325378e-03
9.370000000000000000e+02 9.092402644455432892e-03
9.380000000000000000e+02 9.083274751901626587e-03
9.390000000000000000e+02 9.073761291801929474e-03
9.400000000000000000e+02 9.064705111086368561e-03
9.410000000000000000e+02 9.055009111762046814e-03
9.420000000000000000e+02 9.046129882335662842e-03
9.430000000000000000e+02 9.036130271852016449e-03
9.440000000000000000e+02 9.027626365423202515e-03
9.450000000000000000e+02 9.017039090394973755e-03
9.460000000000000000e+02 9.009320288896560669e-03
9.470000000000000000e+02 8.997574448585510254e-03
9.480000000000000000e+02 8.991481736302375793e-03
9.490000000000000000e+02 8.977340534329414368e-03
9.500000000000000000e+02 8.974800817668437958e-03
9.510000000000000000e+02 8.955623023211956024e-03
9.520000000000000000e+02 8.961130864918231964e-03
9.530000000000000000e+02 8.931258693337440491e-03
9.540000000000000000e+02 8.955859579145908356e-03
9.550000000000000000e+02 8.904186077415943146e-03
9.560000000000000000e+02 8.976514451205730438e-03
9.570000000000000000e+02 8.887527510523796082e-03
9.580000000000000000e+02 9.067043662071228027e-03
9.590000000000000000e+02 8.921513333916664124e-03
9.600000000000000000e+02 9.159909561276435852e-03
9.610000000000000000e+02 8.873157203197479248e-03
9.620000000000000000e+02 8.899150416254997253e-03
9.630000000000000000e+02 8.805781602859497070e-03
9.640000000000000000e+02 8.803708478808403015e-03
9.650000000000000000e+02 9.019041433930397034e-03
9.660000000000000000e+02 8.842389099299907684e-03
9.670000000000000000e+02 8.870276622474193573e-03
9.680000000000000000e+02 8.841617032885551453e-03
9.690000000000000000e+02 8.785079233348369598e-03
9.700000000000000000e+02 8.896218612790107727e-03
9.710000000000000000e+02 8.733070455491542816e-03
9.720000000000000000e+02 8.732385933399200439e-03
9.730000000000000000e+02 8.794338442385196686e-03
9.740000000000000000e+02 8.726179599761962891e-03
9.750000000000000000e+02 8.802360855042934418e-03
9.760000000000000000e+02 8.730256929993629456e-03
9.770000000000000000e+02 8.715976029634475708e-03
9.780000000000000000e+02 8.790131658315658569e-03
9.790000000000000000e+02 8.687803521752357483e-03
9.800000000000000000e+02 8.704415522515773773e-03
9.810000000000000000e+02 8.684755302965641022e-03
9.820000000000000000e+02 8.640681393444538116e-03
9.830000000000000000e+02 8.699822239577770233e-03
9.840000000000000000e+02 8.630990982055664062e-03
9.850000000000000000e+02 8.637888357043266296e-03
9.860000000000000000e+02 8.666877634823322296e-03
9.870000000000000000e+02 8.616775274276733398e-03
9.880000000000000000e+02 8.653306402266025543e-03
9.890000000000000000e+02 8.609701879322528839e-03
9.900000000000000000e+02 8.592021651566028595e-03
9.910000000000000000e+02 8.617503568530082703e-03
9.920000000000000000e+02 8.563271723687648773e-03
9.930000000000000000e+02 8.579355664551258087e-03
9.940000000000000000e+02 8.559373207390308380e-03
9.950000000000000000e+02 8.538860827684402466e-03
9.960000000000000000e+02 8.564319461584091187e-03
9.970000000000000000e+02 8.523236960172653198e-03
9.980000000000000000e+02 8.531436324119567871e-03
9.990000000000000000e+02 8.520600385963916779e-03
